0.0000 1
0.5000 0
1.0000 0
1.5000 0
2.0000 0
2.5000 0
3.0000 0
3.5000 0
4.0000 0
4.5000 0
5.0000 1
5.5000 0
6.0000 0
6.5000 0
7.0000 0
7.5000 0
8.0000 0
8.5000 0
9.0000 0
9.5000 0
10.0000 0
10.5000 0
11.0000 0
11.5000 0
12.0000 0
12.5000 0
13.0000 0
13.5000 0
14.0000 0
14.5000 0
15.0000 1
15.5000 1
16.0000 0
16.5000 0
17.0000 1
17.5000 0
18.0000 0
18.5000 1
19.0000 0
19.5000 0
20.0000 0
20.5000 0
21.0000 0
21.5000 0
22.0000 0
22.5000 1
23.0000 3
23.5000 0
24.0000 0
24.5000 1
25.0000 0
25.5000 1
26.0000 0
26.5000 0
27.0000 0
27.5000 0
28.0000 0
28.5000 0
29.0000 0
29.5000 1
30.0000 0
30.5000 0
31.0000 0
31.5000 0
32.0000 0
32.5000 0
33.0000 1
33.5000 0
34.0000 0
34.5000 0
35.0000 0
35.5000 1
36.0000 0
36.5000 0
37.0000 0
37.5000 0
38.0000 0
38.5000 0
39.0000 0
39.5000 0
40.0000 1
40.5000 0
41.0000 0
41.5000 0
42.0000 0
42.5000 0
43.0000 0
43.5000 0
44.0000 0
44.5000 0
45.0000 0
45.5000 0
46.0000 0
46.5000 0
47.0000 0
47.5000 0
48.0000 0
48.5000 0
49.0000 0
49.5000 0
50.0000 0
50.5000 0
51.0000 0
51.5000 0
52.0000 0
52.5000 0
53.0000 0
53.5000 0
54.0000 0
54.5000 0
55.0000 0
55.5000 1
56.0000 0
56.5000 0
57.0000 0
57.5000 0
58.0000 1
58.5000 3
59.0000 2
59.5000 0
60.0000 0
60.5000 0
61.0000 0
61.5000 1
62.0000 1
62.5000 1
63.0000 1
63.5000 7
64.0000 9
64.5000 6
65.0000 2
65.5000 1
66.0000 6
66.5000 7
67.0000 9
67.5000 12
68.0000 11
68.5000 16
69.0000 20
69.5000 19
70.0000 27
70.5000 20
71.0000 28
71.5000 19
72.0000 34
72.5000 47
73.0000 44
73.5000 47
74.0000 66
74.5000 53
75.0000 66
75.5000 64
76.0000 79
76.5000 76
77.0000 82
77.5000 110
78.0000 100
78.5000 95
79.0000 117
79.5000 121
80.0000 117
80.5000 137
81.0000 130
81.5000 145
82.0000 153
82.5000 149
83.0000 156
83.5000 161
84.0000 170
84.5000 179
85.0000 188
85.5000 197
86.0000 164
86.5000 199
87.0000 194
87.5000 241
88.0000 203
88.5000 217
89.0000 215
89.5000 223
90.0000 229
90.5000 239
91.0000 212
91.5000 257
92.0000 223
92.5000 242
93.0000 264
93.5000 249
94.0000 246
94.5000 284
95.0000 286
95.5000 266
96.0000 274
96.5000 267
97.0000 303
97.5000 299
98.0000 301
98.5000 293
99.0000 294
99.5000 277
100.0000 289
100.5000 279
101.0000 280
101.5000 288
102.0000 277
102.5000 288
103.0000 301
103.5000 273
104.0000 290
104.5000 287
105.0000 285
105.5000 276
106.0000 289
106.5000 272
107.0000 293
107.5000 275
108.0000 282
108.5000 313
109.0000 270
109.5000 257
110.0000 280
110.5000 307
111.0000 285
111.5000 269
112.0000 291
112.5000 256
113.0000 303
113.5000 277
114.0000 305
114.5000 311
115.0000 263
115.5000 274
116.0000 291
116.5000 273
117.0000 296
117.5000 278
118.0000 275
118.5000 279
119.0000 294
119.5000 275
120.0000 257
120.5000 269
121.0000 263
121.5000 300
122.0000 274
122.5000 262
123.0000 267
123.5000 277
124.0000 268
124.5000 298
125.0000 271
125.5000 256
126.0000 282
126.5000 280
127.0000 275
127.5000 283
128.0000 267
128.5000 250
129.0000 254
129.5000 264
130.0000 268
130.5000 244
131.0000 244
131.5000 237
132.0000 276
132.5000 252
133.0000 284
133.5000 251
134.0000 271
134.5000 254
135.0000 282
135.5000 255
136.0000 257
136.5000 245
137.0000 233
137.5000 245
138.0000 280
138.5000 262
139.0000 248
139.5000 258
140.0000 281
140.5000 240
141.0000 261
141.5000 258
142.0000 252
142.5000 264
143.0000 270
143.5000 262
144.0000 262
144.5000 257
145.0000 290
145.5000 264
146.0000 265
146.5000 270
147.0000 244
147.5000 251
148.0000 249
148.5000 249
149.0000 234
149.5000 238
150.0000 258
150.5000 251
151.0000 258
151.5000 241
152.0000 252
152.5000 250
153.0000 263
153.5000 242
154.0000 278
154.5000 288
155.0000 258
155.5000 246
156.0000 250
156.5000 251
157.0000 257
157.5000 280
158.0000 228
158.5000 272
159.0000 281
159.5000 262
160.0000 247
160.5000 235
161.0000 263
161.5000 263
162.0000 233
162.5000 276
163.0000 247
163.5000 250
164.0000 276
164.5000 248
165.0000 248
165.5000 252
166.0000 269
166.5000 248
167.0000 260
167.5000 285
168.0000 254
168.5000 249
169.0000 238
169.5000 271
170.0000 249
170.5000 245
171.0000 246
171.5000 243
172.0000 221
172.5000 264
173.0000 262
173.5000 265
174.0000 257
174.5000 254
175.0000 239
175.5000 244
176.0000 258
176.5000 252
177.0000 230
177.5000 234
178.0000 256
178.5000 230
179.0000 252
179.5000 237
180.0000 244
180.5000 245
181.0000 231
181.5000 234
182.0000 257
182.5000 250
183.0000 268
183.5000 240
184.0000 253
184.5000 242
185.0000 277
185.5000 236
186.0000 272
186.5000 279
187.0000 261
187.5000 262
188.0000 234
188.5000 265
189.0000 236
189.5000 263
190.0000 256
190.5000 246
191.0000 247
191.5000 272
192.0000 242
192.5000 241
193.0000 249
193.5000 235
194.0000 254
194.5000 223
195.0000 252
195.5000 254
196.0000 238
196.5000 246
197.0000 217
197.5000 218
198.0000 248
198.5000 263
199.0000 242
199.5000 235
