0.0000 0
0.5000 0
1.0000 0
1.5000 0
2.0000 0
2.5000 0
3.0000 0
3.5000 0
4.0000 1
4.5000 0
5.0000 0
5.5000 0
6.0000 0
6.5000 0
7.0000 0
7.5000 0
8.0000 1
8.5000 0
9.0000 0
9.5000 0
10.0000 0
10.5000 0
11.0000 1
11.5000 1
12.0000 0
12.5000 0
13.0000 1
13.5000 0
14.0000 1
14.5000 0
15.0000 1
15.5000 1
16.0000 0
16.5000 0
17.0000 0
17.5000 0
18.0000 0
18.5000 0
19.0000 0
19.5000 1
20.0000 0
20.5000 0
21.0000 0
21.5000 0
22.0000 0
22.5000 0
23.0000 1
23.5000 1
24.0000 0
24.5000 1
25.0000 0
25.5000 1
26.0000 0
26.5000 0
27.0000 0
27.5000 0
28.0000 0
28.5000 0
29.0000 0
29.5000 0
30.0000 0
30.5000 0
31.0000 0
31.5000 1
32.0000 0
32.5000 0
33.0000 0
33.5000 0
34.0000 1
34.5000 1
35.0000 0
35.5000 0
36.0000 0
36.5000 0
37.0000 0
37.5000 0
38.0000 1
38.5000 0
39.0000 1
39.5000 0
40.0000 0
40.5000 0
41.0000 0
41.5000 0
42.0000 0
42.5000 0
43.0000 1
43.5000 1
44.0000 0
44.5000 2
45.0000 1
45.5000 0
46.0000 0
46.5000 0
47.0000 0
47.5000 0
48.0000 0
48.5000 0
49.0000 1
49.5000 0
50.0000 0
50.5000 0
51.0000 0
51.5000 1
52.0000 0
52.5000 1
53.0000 1
53.5000 1
54.0000 0
54.5000 0
55.0000 0
55.5000 2
56.0000 2
56.5000 1
57.0000 1
57.5000 0
58.0000 1
58.5000 0
59.0000 1
59.5000 0
60.0000 3
60.5000 4
61.0000 2
61.5000 7
62.0000 5
62.5000 4
63.0000 7
63.5000 6
64.0000 7
64.5000 5
65.0000 15
65.5000 7
66.0000 16
66.5000 19
67.0000 16
67.5000 13
68.0000 21
68.5000 22
69.0000 32
69.5000 32
70.0000 42
70.5000 49
71.0000 71
71.5000 72
72.0000 88
72.5000 86
73.0000 111
73.5000 135
74.0000 132
74.5000 138
75.0000 176
75.5000 177
76.0000 159
76.5000 220
77.0000 213
77.5000 239
78.0000 258
78.5000 283
79.0000 280
79.5000 249
80.0000 315
80.5000 307
81.0000 328
81.5000 321
82.0000 369
82.5000 371
83.0000 365
83.5000 413
84.0000 421
84.5000 416
85.0000 448
85.5000 453
86.0000 442
86.5000 471
87.0000 523
87.5000 512
88.0000 506
88.5000 522
89.0000 574
89.5000 503
90.0000 528
90.5000 586
91.0000 587
91.5000 554
92.0000 600
92.5000 574
93.0000 604
93.5000 641
94.0000 625
94.5000 660
95.0000 669
95.5000 670
96.0000 589
96.5000 689
97.0000 678
97.5000 672
98.0000 709
98.5000 683
99.0000 666
99.5000 705
100.0000 687
100.5000 665
101.0000 689
101.5000 687
102.0000 648
102.5000 721
103.0000 705
103.5000 710
104.0000 672
104.5000 665
105.0000 636
105.5000 647
106.0000 628
106.5000 640
107.0000 660
107.5000 680
108.0000 646
108.5000 618
109.0000 685
109.5000 664
110.0000 678
110.5000 618
111.0000 639
111.5000 648
112.0000 647
112.5000 630
113.0000 606
113.5000 612
114.0000 632
114.5000 647
115.0000 664
115.5000 605
116.0000 605
116.5000 636
117.0000 594
117.5000 629
118.0000 608
118.5000 624
119.0000 630
119.5000 664
120.0000 674
120.5000 648
121.0000 607
121.5000 622
122.0000 617
122.5000 594
123.0000 648
123.5000 630
124.0000 605
124.5000 638
125.0000 606
125.5000 617
126.0000 594
126.5000 575
127.0000 615
127.5000 625
128.0000 616
128.5000 652
129.0000 617
129.5000 641
130.0000 600
130.5000 663
131.0000 639
131.5000 568
132.0000 627
132.5000 636
133.0000 625
133.5000 616
134.0000 584
134.5000 616
135.0000 588
135.5000 638
136.0000 618
136.5000 632
137.0000 556
137.5000 601
138.0000 570
138.5000 588
139.0000 639
139.5000 606
140.0000 618
140.5000 576
141.0000 639
141.5000 611
142.0000 633
142.5000 599
143.0000 587
143.5000 579
144.0000 624
144.5000 592
145.0000 590
145.5000 587
146.0000 564
146.5000 566
147.0000 579
147.5000 597
148.0000 623
148.5000 629
149.0000 597
149.5000 647
150.0000 663
150.5000 604
151.0000 591
151.5000 583
152.0000 580
152.5000 545
153.0000 614
153.5000 620
154.0000 625
154.5000 627
155.0000 616
155.5000 620
156.0000 545
156.5000 625
157.0000 615
157.5000 622
158.0000 574
158.5000 589
159.0000 622
159.5000 613
160.0000 585
160.5000 621
161.0000 607
161.5000 618
162.0000 585
162.5000 602
163.0000 589
163.5000 570
164.0000 588
164.5000 602
165.0000 559
165.5000 585
166.0000 598
166.5000 584
167.0000 602
167.5000 566
168.0000 587
168.5000 586
169.0000 598
169.5000 588
170.0000 616
170.5000 594
171.0000 572
171.5000 595
172.0000 543
172.5000 635
173.0000 607
173.5000 568
174.0000 583
174.5000 594
175.0000 561
175.5000 601
176.0000 607
176.5000 607
177.0000 625
177.5000 579
178.0000 615
178.5000 585
179.0000 558
179.5000 577
180.0000 598
180.5000 593
181.0000 565
181.5000 562
182.0000 576
182.5000 617
183.0000 552
183.5000 545
184.0000 599
184.5000 620
185.0000 593
185.5000 591
186.0000 600
186.5000 551
187.0000 597
187.5000 587
188.0000 544
188.5000 589
189.0000 591
189.5000 603
190.0000 570
190.5000 570
191.0000 586
191.5000 630
192.0000 527
192.5000 606
193.0000 534
193.5000 579
194.0000 563
194.5000 587
195.0000 615
195.5000 603
196.0000 548
196.5000 569
197.0000 612
197.5000 552
198.0000 612
198.5000 537
199.0000 511
199.5000 610
