0.0000 0
0.5000 0
1.0000 0
1.5000 0
2.0000 0
2.5000 0
3.0000 0
3.5000 1
4.0000 0
4.5000 0
5.0000 0
5.5000 0
6.0000 0
6.5000 0
7.0000 1
7.5000 0
8.0000 0
8.5000 1
9.0000 1
9.5000 0
10.0000 0
10.5000 0
11.0000 0
11.5000 0
12.0000 0
12.5000 0
13.0000 0
13.5000 0
14.0000 0
14.5000 0
15.0000 0
15.5000 0
16.0000 1
16.5000 0
17.0000 0
17.5000 0
18.0000 0
18.5000 0
19.0000 0
19.5000 0
20.0000 0
20.5000 0
21.0000 1
21.5000 0
22.0000 0
22.5000 0
23.0000 0
23.5000 1
24.0000 0
24.5000 0
25.0000 0
25.5000 0
26.0000 0
26.5000 0
27.0000 0
27.5000 0
28.0000 0
28.5000 0
29.0000 0
29.5000 1
30.0000 0
30.5000 0
31.0000 1
31.5000 0
32.0000 1
32.5000 0
33.0000 0
33.5000 0
34.0000 0
34.5000 1
35.0000 0
35.5000 0
36.0000 0
36.5000 0
37.0000 1
37.5000 1
38.0000 0
38.5000 0
39.0000 1
39.5000 1
40.0000 0
40.5000 2
41.0000 1
41.5000 0
42.0000 0
42.5000 0
43.0000 0
43.5000 0
44.0000 0
44.5000 0
45.0000 0
45.5000 1
46.0000 0
46.5000 0
47.0000 0
47.5000 0
48.0000 0
48.5000 1
49.0000 0
49.5000 0
50.0000 0
50.5000 1
51.0000 0
51.5000 0
52.0000 0
52.5000 1
53.0000 2
53.5000 0
54.0000 1
54.5000 0
55.0000 0
55.5000 1
56.0000 0
56.5000 0
57.0000 0
57.5000 1
58.0000 1
58.5000 0
59.0000 0
59.5000 0
60.0000 0
60.5000 1
61.0000 2
61.5000 0
62.0000 0
62.5000 2
63.0000 0
63.5000 2
64.0000 1
64.5000 2
65.0000 3
65.5000 1
66.0000 5
66.5000 3
67.0000 4
67.5000 5
68.0000 5
68.5000 9
69.0000 9
69.5000 10
70.0000 10
70.5000 7
71.0000 12
71.5000 12
72.0000 16
72.5000 19
73.0000 20
73.5000 19
74.0000 25
74.5000 26
75.0000 19
75.5000 32
76.0000 34
76.5000 29
77.0000 33
77.5000 42
78.0000 47
78.5000 49
79.0000 42
79.5000 54
80.0000 65
80.5000 54
81.0000 66
81.5000 44
82.0000 68
82.5000 54
83.0000 72
83.5000 60
84.0000 69
84.5000 86
85.0000 70
85.5000 64
86.0000 79
86.5000 93
87.0000 90
87.5000 75
88.0000 85
88.5000 90
89.0000 93
89.5000 96
90.0000 107
90.5000 104
91.0000 108
91.5000 113
92.0000 102
92.5000 91
93.0000 128
93.5000 98
94.0000 101
94.5000 115
95.0000 108
95.5000 99
96.0000 119
96.5000 108
97.0000 115
97.5000 111
98.0000 106
98.5000 129
99.0000 136
99.5000 131
100.0000 121
100.5000 122
101.0000 115
101.5000 126
102.0000 125
102.5000 114
103.0000 107
103.5000 123
104.0000 111
104.5000 106
105.0000 130
105.5000 109
106.0000 109
106.5000 135
107.0000 111
107.5000 104
108.0000 133
108.5000 122
109.0000 112
109.5000 108
110.0000 136
110.5000 111
111.0000 121
111.5000 139
112.0000 115
112.5000 110
113.0000 132
113.5000 117
114.0000 127
114.5000 115
115.0000 120
115.5000 124
116.0000 126
116.5000 93
117.0000 103
117.5000 120
118.0000 112
118.5000 112
119.0000 94
119.5000 100
120.0000 92
120.5000 119
121.0000 118
121.5000 108
122.0000 110
122.5000 111
123.0000 120
123.5000 104
124.0000 104
124.5000 90
125.0000 110
125.5000 94
126.0000 96
126.5000 102
127.0000 109
127.5000 124
128.0000 112
128.5000 98
129.0000 118
129.5000 109
130.0000 118
130.5000 121
131.0000 117
131.5000 106
132.0000 95
132.5000 111
133.0000 108
133.5000 107
134.0000 112
134.5000 107
135.0000 125
135.5000 95
136.0000 115
136.5000 111
137.0000 109
137.5000 112
138.0000 106
138.5000 89
139.0000 120
139.5000 108
140.0000 99
140.5000 113
141.0000 100
141.5000 118
142.0000 114
142.5000 110
143.0000 122
143.5000 101
144.0000 106
144.5000 109
145.0000 103
145.5000 98
146.0000 88
146.5000 105
147.0000 103
147.5000 110
148.0000 114
148.5000 115
149.0000 105
149.5000 117
150.0000 103
150.5000 99
151.0000 93
151.5000 100
152.0000 81
152.5000 108
153.0000 98
153.5000 109
154.0000 97
154.5000 113
155.0000 99
155.5000 99
156.0000 137
156.5000 99
157.0000 84
157.5000 110
158.0000 100
158.5000 87
159.0000 119
159.5000 120
160.0000 100
160.5000 116
161.0000 100
161.5000 102
162.0000 128
162.5000 102
163.0000 112
163.5000 113
164.0000 107
164.5000 107
165.0000 98
165.5000 117
166.0000 94
166.5000 98
167.0000 105
167.5000 108
168.0000 109
168.5000 100
169.0000 98
169.5000 95
170.0000 99
170.5000 108
171.0000 108
171.5000 90
172.0000 93
172.5000 93
173.0000 106
173.5000 110
174.0000 112
174.5000 112
175.0000 99
175.5000 105
176.0000 103
176.5000 106
177.0000 114
177.5000 96
178.0000 110
178.5000 99
179.0000 94
179.5000 108
180.0000 97
180.5000 102
181.0000 97
181.5000 108
182.0000 99
182.5000 108
183.0000 100
183.5000 94
184.0000 100
184.5000 94
185.0000 125
185.5000 106
186.0000 104
186.5000 108
187.0000 94
187.5000 103
188.0000 92
188.5000 98
189.0000 103
189.5000 99
190.0000 117
190.5000 110
191.0000 90
191.5000 92
192.0000 92
192.5000 120
193.0000 107
193.5000 100
194.0000 87
194.5000 89
195.0000 101
195.5000 88
196.0000 116
196.5000 101
197.0000 90
197.5000 102
198.0000 106
198.5000 95
199.0000 113
199.5000 112
