0.0000 0
0.5000 0
1.0000 0
1.5000 0
2.0000 0
2.5000 0
3.0000 0
3.5000 0
4.0000 0
4.5000 0
5.0000 0
5.5000 0
6.0000 0
6.5000 0
7.0000 0
7.5000 1
8.0000 0
8.5000 0
9.0000 0
9.5000 0
10.0000 0
10.5000 0
11.0000 0
11.5000 0
12.0000 0
12.5000 1
13.0000 0
13.5000 1
14.0000 0
14.5000 0
15.0000 0
15.5000 0
16.0000 0
16.5000 0
17.0000 0
17.5000 0
18.0000 0
18.5000 0
19.0000 0
19.5000 0
20.0000 0
20.5000 0
21.0000 0
21.5000 0
22.0000 0
22.5000 0
23.0000 0
23.5000 0
24.0000 0
24.5000 0
25.0000 0
25.5000 1
26.0000 0
26.5000 0
27.0000 0
27.5000 1
28.0000 0
28.5000 0
29.0000 0
29.5000 0
30.0000 0
30.5000 2
31.0000 0
31.5000 0
32.0000 0
32.5000 1
33.0000 1
33.5000 0
34.0000 0
34.5000 0
35.0000 0
35.5000 0
36.0000 0
36.5000 0
37.0000 0
37.5000 0
38.0000 0
38.5000 0
39.0000 0
39.5000 0
40.0000 0
40.5000 0
41.0000 0
41.5000 0
42.0000 0
42.5000 0
43.0000 2
43.5000 0
44.0000 1
44.5000 0
45.0000 2
45.5000 2
46.0000 0
46.5000 0
47.0000 0
47.5000 0
48.0000 0
48.5000 0
49.0000 0
49.5000 2
50.0000 0
50.5000 0
51.0000 0
51.5000 2
52.0000 0
52.5000 0
53.0000 1
53.5000 0
54.0000 0
54.5000 0
55.0000 0
55.5000 2
56.0000 1
56.5000 0
57.0000 1
57.5000 0
58.0000 1
58.5000 1
59.0000 0
59.5000 4
60.0000 4
60.5000 5
61.0000 5
61.5000 6
62.0000 7
62.5000 3
63.0000 3
63.5000 9
64.0000 11
64.5000 10
65.0000 15
65.5000 22
66.0000 20
66.5000 26
67.0000 38
67.5000 41
68.0000 44
68.5000 35
69.0000 55
69.5000 65
70.0000 68
70.5000 95
71.0000 108
71.5000 118
72.0000 135
72.5000 135
73.0000 177
73.5000 195
74.0000 252
74.5000 248
75.0000 262
75.5000 261
76.0000 294
76.5000 313
77.0000 307
77.5000 367
78.0000 395
78.5000 418
79.0000 428
79.5000 471
80.0000 466
80.5000 487
81.0000 532
81.5000 520
82.0000 601
82.5000 593
83.0000 643
83.5000 615
84.0000 631
84.5000 627
85.0000 688
85.5000 684
86.0000 704
86.5000 784
87.0000 810
87.5000 748
88.0000 803
88.5000 772
89.0000 828
89.5000 822
90.0000 799
90.5000 793
91.0000 888
91.5000 880
92.0000 892
92.5000 939
93.0000 956
93.5000 939
94.0000 935
94.5000 1006
95.0000 1064
95.5000 1022
96.0000 998
96.5000 992
97.0000 1015
97.5000 1011
98.0000 977
98.5000 1016
99.0000 1002
99.5000 1010
100.0000 1058
100.5000 997
101.0000 985
101.5000 991
102.0000 1026
102.5000 961
103.0000 1026
103.5000 1026
104.0000 969
104.5000 1089
105.0000 1001
105.5000 985
106.0000 1057
106.5000 1014
107.0000 1018
107.5000 980
108.0000 987
108.5000 981
109.0000 976
109.5000 977
110.0000 988
110.5000 963
111.0000 973
111.5000 959
112.0000 981
112.5000 982
113.0000 975
113.5000 947
114.0000 920
114.5000 905
115.0000 950
115.5000 943
116.0000 929
116.5000 946
117.0000 998
117.5000 952
118.0000 925
118.5000 917
119.0000 961
119.5000 967
120.0000 904
120.5000 952
121.0000 857
121.5000 977
122.0000 930
122.5000 943
123.0000 973
123.5000 922
124.0000 925
124.5000 953
125.0000 887
125.5000 952
126.0000 901
126.5000 907
127.0000 920
127.5000 944
128.0000 950
128.5000 902
129.0000 936
129.5000 919
130.0000 910
130.5000 948
131.0000 938
131.5000 960
132.0000 859
132.5000 908
133.0000 952
133.5000 916
134.0000 983
134.5000 894
135.0000 907
135.5000 909
136.0000 910
136.5000 963
137.0000 929
137.5000 924
138.0000 928
138.5000 875
139.0000 883
139.5000 917
140.0000 887
140.5000 869
141.0000 914
141.5000 887
142.0000 929
142.5000 895
143.0000 944
143.5000 909
144.0000 880
144.5000 925
145.0000 895
145.5000 863
146.0000 900
146.5000 930
147.0000 873
147.5000 866
148.0000 921
148.5000 831
149.0000 881
149.5000 914
150.0000 904
150.5000 875
151.0000 865
151.5000 877
152.0000 958
152.5000 870
153.0000 810
153.5000 872
154.0000 924
154.5000 830
155.0000 892
155.5000 890
156.0000 885
156.5000 898
157.0000 842
157.5000 883
158.0000 876
158.5000 901
159.0000 873
159.5000 919
160.0000 877
160.5000 884
161.0000 881
161.5000 881
162.0000 901
162.5000 913
163.0000 922
163.5000 863
164.0000 872
164.5000 890
165.0000 860
165.5000 871
166.0000 901
166.5000 875
167.0000 905
167.5000 943
168.0000 946
168.5000 878
169.0000 819
169.5000 922
170.0000 903
170.5000 871
171.0000 884
171.5000 849
172.0000 897
172.5000 873
173.0000 872
173.5000 900
174.0000 849
174.5000 870
175.0000 892
175.5000 868
176.0000 906
176.5000 840
177.0000 897
177.5000 894
178.0000 850
178.5000 844
179.0000 888
179.5000 830
180.0000 831
180.5000 824
181.0000 899
181.5000 888
182.0000 900
182.5000 891
183.0000 871
183.5000 870
184.0000 857
184.5000 860
185.0000 892
185.5000 874
186.0000 889
186.5000 861
187.0000 859
187.5000 857
188.0000 928
188.5000 862
189.0000 888
189.5000 885
190.0000 867
190.5000 863
191.0000 875
191.5000 864
192.0000 865
192.5000 826
193.0000 844
193.5000 912
194.0000 877
194.5000 855
195.0000 872
195.5000 864
196.0000 913
196.5000 835
197.0000 874
197.5000 832
198.0000 893
198.5000 851
199.0000 825
199.5000 892
