0.0000 1
0.5000 0
1.0000 1
1.5000 0
2.0000 1
2.5000 0
3.0000 1
3.5000 1
4.0000 0
4.5000 0
5.0000 0
5.5000 0
6.0000 0
6.5000 1
7.0000 0
7.5000 1
8.0000 0
8.5000 2
9.0000 0
9.5000 0
10.0000 1
10.5000 1
11.0000 2
11.5000 0
12.0000 1
12.5000 1
13.0000 0
13.5000 0
14.0000 2
14.5000 1
15.0000 0
15.5000 1
16.0000 0
16.5000 0
17.0000 2
17.5000 0
18.0000 0
18.5000 0
19.0000 0
19.5000 0
20.0000 0
20.5000 0
21.0000 0
21.5000 0
22.0000 0
22.5000 0
23.0000 0
23.5000 0
24.0000 0
24.5000 2
25.0000 3
25.5000 0
26.0000 0
26.5000 1
27.0000 0
27.5000 0
28.0000 0
28.5000 0
29.0000 0
29.5000 1
30.0000 0
30.5000 0
31.0000 0
31.5000 2
32.0000 0
32.5000 1
33.0000 0
33.5000 0
34.0000 0
34.5000 0
35.0000 1
35.5000 1
36.0000 1
36.5000 0
37.0000 1
37.5000 1
38.0000 0
38.5000 0
39.0000 0
39.5000 1
40.0000 1
40.5000 0
41.0000 0
41.5000 2
42.0000 0
42.5000 2
43.0000 1
43.5000 0
44.0000 0
44.5000 1
45.0000 0
45.5000 1
46.0000 0
46.5000 1
47.0000 3
47.5000 1
48.0000 2
48.5000 0
49.0000 0
49.5000 1
50.0000 1
50.5000 2
51.0000 0
51.5000 2
52.0000 0
52.5000 0
53.0000 0
53.5000 1
54.0000 3
54.5000 1
55.0000 4
55.5000 1
56.0000 2
56.5000 1
57.0000 3
57.5000 2
58.0000 2
58.5000 1
59.0000 2
59.5000 1
60.0000 2
60.5000 5
61.0000 8
61.5000 5
62.0000 10
62.5000 10
63.0000 6
63.5000 18
64.0000 18
64.5000 16
65.0000 25
65.5000 23
66.0000 37
66.5000 33
67.0000 38
67.5000 53
68.0000 58
68.5000 64
69.0000 70
69.5000 76
70.0000 128
70.5000 137
71.0000 134
71.5000 157
72.0000 218
72.5000 208
73.0000 280
73.5000 290
74.0000 339
74.5000 345
75.0000 377
75.5000 439
76.0000 470
76.5000 553
77.0000 589
77.5000 598
78.0000 680
78.5000 733
79.0000 718
79.5000 753
80.0000 842
80.5000 856
81.0000 889
81.5000 971
82.0000 968
82.5000 1097
83.0000 1058
83.5000 1133
84.0000 1143
84.5000 1162
85.0000 1258
85.5000 1252
86.0000 1361
86.5000 1291
87.0000 1373
87.5000 1482
88.0000 1470
88.5000 1485
89.0000 1470
89.5000 1466
90.0000 1530
90.5000 1612
91.0000 1645
91.5000 1708
92.0000 1673
92.5000 1801
93.0000 1735
93.5000 1762
94.0000 1798
94.5000 1755
95.0000 1802
95.5000 1878
96.0000 1919
96.5000 1870
97.0000 1884
97.5000 1928
98.0000 1954
98.5000 1852
99.0000 1918
99.5000 1835
100.0000 1964
100.5000 2020
101.0000 1965
101.5000 1934
102.0000 2014
102.5000 2001
103.0000 1992
103.5000 1961
104.0000 1981
104.5000 1957
105.0000 1883
105.5000 1991
106.0000 1922
106.5000 1935
107.0000 1936
107.5000 2012
108.0000 1864
108.5000 1968
109.0000 1890
109.5000 1907
110.0000 1912
110.5000 1890
111.0000 1877
111.5000 1848
112.0000 1868
112.5000 1782
113.0000 1858
113.5000 1865
114.0000 1841
114.5000 1920
115.0000 1874
115.5000 1869
116.0000 1730
116.5000 1872
117.0000 1820
117.5000 1827
118.0000 1787
118.5000 1843
119.0000 1878
119.5000 1872
120.0000 1772
120.5000 1810
121.0000 1730
121.5000 1821
122.0000 1775
122.5000 1808
123.0000 1784
123.5000 1769
124.0000 1770
124.5000 1772
125.0000 1778
125.5000 1767
126.0000 1748
126.5000 1840
127.0000 1797
127.5000 1782
128.0000 1760
128.5000 1767
129.0000 1761
129.5000 1776
130.0000 1750
130.5000 1773
131.0000 1748
131.5000 1849
132.0000 1762
132.5000 1735
133.0000 1800
133.5000 1742
134.0000 1685
134.5000 1705
135.0000 1820
135.5000 1779
136.0000 1734
136.5000 1778
137.0000 1668
137.5000 1723
138.0000 1722
138.5000 1771
139.0000 1736
139.5000 1812
140.0000 1759
140.5000 1724
141.0000 1622
141.5000 1759
142.0000 1717
142.5000 1700
143.0000 1648
143.5000 1805
144.0000 1712
144.5000 1777
145.0000 1761
145.5000 1754
146.0000 1669
146.5000 1680
147.0000 1747
147.5000 1688
148.0000 1714
148.5000 1737
149.0000 1657
149.5000 1734
150.0000 1695
150.5000 1666
151.0000 1661
151.5000 1671
152.0000 1691
152.5000 1679
153.0000 1723
153.5000 1690
154.0000 1743
154.5000 1694
155.0000 1708
155.5000 1698
156.0000 1748
156.5000 1655
157.0000 1761
157.5000 1693
158.0000 1746
158.5000 1722
159.0000 1718
159.5000 1684
160.0000 1726
160.5000 1607
161.0000 1666
161.5000 1684
162.0000 1669
162.5000 1705
163.0000 1696
163.5000 1741
164.0000 1643
164.5000 1715
165.0000 1616
165.5000 1679
166.0000 1677
166.5000 1701
167.0000 1622
167.5000 1738
168.0000 1752
168.5000 1694
169.0000 1718
169.5000 1711
170.0000 1694
170.5000 1632
171.0000 1660
171.5000 1709
172.0000 1676
172.5000 1690
173.0000 1671
173.5000 1683
174.0000 1677
174.5000 1676
175.0000 1646
175.5000 1661
176.0000 1614
176.5000 1674
177.0000 1699
177.5000 1717
178.0000 1735
178.5000 1707
179.0000 1746
179.5000 1685
180.0000 1674
180.5000 1674
181.0000 1674
181.5000 1658
182.0000 1728
182.5000 1702
183.0000 1734
183.5000 1645
184.0000 1681
184.5000 1717
185.0000 1701
185.5000 1598
186.0000 1655
186.5000 1696
187.0000 1648
187.5000 1684
188.0000 1725
188.5000 1663
189.0000 1660
189.5000 1606
190.0000 1683
190.5000 1633
191.0000 1594
191.5000 1660
192.0000 1671
192.5000 1607
193.0000 1628
193.5000 1667
194.0000 1680
194.5000 1602
195.0000 1659
195.5000 1624
196.0000 1620
196.5000 1674
197.0000 1656
197.5000 1698
198.0000 1638
198.5000 1673
199.0000 1690
199.5000 1737
