0.0000 1
0.5000 0
1.0000 0
1.5000 0
2.0000 0
2.5000 1
3.0000 0
3.5000 0
4.0000 0
4.5000 0
5.0000 0
5.5000 0
6.0000 0
6.5000 0
7.0000 0
7.5000 1
8.0000 0
8.5000 0
9.0000 0
9.5000 0
10.0000 0
10.5000 0
11.0000 0
11.5000 1
12.0000 0
12.5000 1
13.0000 0
13.5000 0
14.0000 0
14.5000 0
15.0000 0
15.5000 0
16.0000 0
16.5000 0
17.0000 0
17.5000 0
18.0000 0
18.5000 0
19.0000 0
19.5000 0
20.0000 0
20.5000 0
21.0000 0
21.5000 1
22.0000 1
22.5000 1
23.0000 0
23.5000 0
24.0000 0
24.5000 0
25.0000 0
25.5000 0
26.0000 2
26.5000 0
27.0000 1
27.5000 0
28.0000 0
28.5000 0
29.0000 1
29.5000 0
30.0000 0
30.5000 1
31.0000 0
31.5000 0
32.0000 0
32.5000 0
33.0000 0
33.5000 1
34.0000 0
34.5000 0
35.0000 0
35.5000 0
36.0000 0
36.5000 0
37.0000 0
37.5000 1
38.0000 0
38.5000 0
39.0000 2
39.5000 0
40.0000 0
40.5000 0
41.0000 0
41.5000 1
42.0000 1
42.5000 0
43.0000 1
43.5000 0
44.0000 0
44.5000 0
45.0000 0
45.5000 0
46.0000 0
46.5000 0
47.0000 0
47.5000 0
48.0000 0
48.5000 0
49.0000 0
49.5000 1
50.0000 0
50.5000 1
51.0000 0
51.5000 2
52.0000 0
52.5000 4
53.0000 1
53.5000 0
54.0000 0
54.5000 1
55.0000 1
55.5000 0
56.0000 1
56.5000 0
57.0000 4
57.5000 1
58.0000 6
58.5000 2
59.0000 5
59.5000 4
60.0000 3
60.5000 2
61.0000 11
61.5000 10
62.0000 6
62.5000 6
63.0000 12
63.5000 14
64.0000 27
64.5000 21
65.0000 33
65.5000 37
66.0000 55
66.5000 60
67.0000 62
67.5000 70
68.0000 80
68.5000 102
69.0000 129
69.5000 130
70.0000 155
70.5000 181
71.0000 199
71.5000 203
72.0000 298
72.5000 346
73.0000 415
73.5000 425
74.0000 496
74.5000 582
75.0000 629
75.5000 657
76.0000 743
76.5000 848
77.0000 861
77.5000 931
78.0000 1037
78.5000 1075
79.0000 1157
79.5000 1197
80.0000 1272
80.5000 1262
81.0000 1481
81.5000 1419
82.0000 1570
82.5000 1603
83.0000 1673
83.5000 1674
84.0000 1764
84.5000 1827
85.0000 1888
85.5000 1925
86.0000 1984
86.5000 2047
87.0000 2008
87.5000 2113
88.0000 2095
88.5000 2188
89.0000 2287
89.5000 2287
90.0000 2417
90.5000 2385
91.0000 2421
91.5000 2521
92.0000 2515
92.5000 2548
93.0000 2586
93.5000 2573
94.0000 2620
94.5000 2672
95.0000 2803
95.5000 2662
96.0000 2705
96.5000 2685
97.0000 2730
97.5000 2809
98.0000 2839
98.5000 2810
99.0000 2866
99.5000 2832
100.0000 2837
100.5000 2811
101.0000 2797
101.5000 2775
102.0000 2846
102.5000 2779
103.0000 2902
103.5000 2904
104.0000 2922
104.5000 2820
105.0000 2824
105.5000 2781
106.0000 2833
106.5000 2871
107.0000 2830
107.5000 2733
108.0000 2698
108.5000 2786
109.0000 2771
109.5000 2729
110.0000 2682
110.5000 2743
111.0000 2678
111.5000 2708
112.0000 2655
112.5000 2815
113.0000 2675
113.5000 2612
114.0000 2694
114.5000 2653
115.0000 2710
115.5000 2725
116.0000 2662
116.5000 2562
117.0000 2667
117.5000 2680
118.0000 2677
118.5000 2672
119.0000 2718
119.5000 2637
120.0000 2591
120.5000 2664
121.0000 2568
121.5000 2536
122.0000 2589
122.5000 2508
123.0000 2537
123.5000 2535
124.0000 2589
124.5000 2553
125.0000 2556
125.5000 2677
126.0000 2504
126.5000 2589
127.0000 2592
127.5000 2628
128.0000 2543
128.5000 2554
129.0000 2653
129.5000 2510
130.0000 2513
130.5000 2521
131.0000 2576
131.5000 2578
132.0000 2564
132.5000 2520
133.0000 2481
133.5000 2558
134.0000 2571
134.5000 2588
135.0000 2603
135.5000 2543
136.0000 2490
136.5000 2502
137.0000 2455
137.5000 2519
138.0000 2527
138.5000 2532
139.0000 2511
139.5000 2524
140.0000 2497
140.5000 2448
141.0000 2627
141.5000 2525
142.0000 2502
142.5000 2493
143.0000 2538
143.5000 2454
144.0000 2492
144.5000 2550
145.0000 2509
145.5000 2529
146.0000 2453
146.5000 2551
147.0000 2443
147.5000 2483
148.0000 2502
148.5000 2433
149.0000 2466
149.5000 2513
150.0000 2413
150.5000 2522
151.0000 2525
151.5000 2462
152.0000 2442
152.5000 2487
153.0000 2435
153.5000 2513
154.0000 2449
154.5000 2465
155.0000 2500
155.5000 2477
156.0000 2398
156.5000 2434
157.0000 2459
157.5000 2461
158.0000 2383
158.5000 2459
159.0000 2435
159.5000 2501
160.0000 2457
160.5000 2479
161.0000 2364
161.5000 2427
162.0000 2464
162.5000 2355
163.0000 2393
163.5000 2349
164.0000 2371
164.5000 2415
165.0000 2464
165.5000 2416
166.0000 2421
166.5000 2414
167.0000 2507
167.5000 2314
168.0000 2470
168.5000 2420
169.0000 2443
169.5000 2454
170.0000 2407
170.5000 2456
171.0000 2428
171.5000 2465
172.0000 2392
172.5000 2411
173.0000 2427
173.5000 2453
174.0000 2404
174.5000 2405
175.0000 2400
175.5000 2454
176.0000 2337
176.5000 2422
177.0000 2461
177.5000 2365
178.0000 2368
178.5000 2410
179.0000 2517
179.5000 2418
180.0000 2364
180.5000 2411
181.0000 2452
181.5000 2419
182.0000 2361
182.5000 2361
183.0000 2472
183.5000 2396
184.0000 2403
184.5000 2415
185.0000 2346
185.5000 2415
186.0000 2402
186.5000 2364
187.0000 2325
187.5000 2412
188.0000 2378
188.5000 2316
189.0000 2363
189.5000 2452
190.0000 2443
190.5000 2377
191.0000 2400
191.5000 2405
192.0000 2337
192.5000 2408
193.0000 2370
193.5000 2408
194.0000 2400
194.5000 2371
195.0000 2402
195.5000 2336
196.0000 2380
196.5000 2338
197.0000 2446
197.5000 2346
198.0000 2345
198.5000 2377
199.0000 2388
199.5000 2279
