0.0000 0
0.5000 0
1.0000 0
1.5000 1
2.0000 0
2.5000 1
3.0000 2
3.5000 1
4.0000 2
4.5000 1
5.0000 0
5.5000 0
6.0000 1
6.5000 0
7.0000 0
7.5000 1
8.0000 0
8.5000 1
9.0000 0
9.5000 0
10.0000 0
10.5000 1
11.0000 1
11.5000 0
12.0000 0
12.5000 0
13.0000 0
13.5000 1
14.0000 0
14.5000 0
15.0000 0
15.5000 1
16.0000 1
16.5000 1
17.0000 1
17.5000 0
18.0000 0
18.5000 0
19.0000 0
19.5000 0
20.0000 0
20.5000 0
21.0000 1
21.5000 0
22.0000 0
22.5000 0
23.0000 0
23.5000 2
24.0000 1
24.5000 2
25.0000 0
25.5000 0
26.0000 0
26.5000 1
27.0000 0
27.5000 0
28.0000 0
28.5000 0
29.0000 0
29.5000 0
30.0000 0
30.5000 0
31.0000 1
31.5000 0
32.0000 1
32.5000 1
33.0000 2
33.5000 1
34.0000 0
34.5000 1
35.0000 1
35.5000 0
36.0000 0
36.5000 2
37.0000 2
37.5000 0
38.0000 0
38.5000 2
39.0000 0
39.5000 0
40.0000 1
40.5000 0
41.0000 1
41.5000 0
42.0000 0
42.5000 0
43.0000 0
43.5000 1
44.0000 0
44.5000 0
45.0000 0
45.5000 1
46.0000 0
46.5000 0
47.0000 0
47.5000 1
48.0000 0
48.5000 0
49.0000 0
49.5000 0
50.0000 0
50.5000 0
51.0000 0
51.5000 1
52.0000 2
52.5000 0
53.0000 1
53.5000 0
54.0000 0
54.5000 2
55.0000 2
55.5000 2
56.0000 2
56.5000 3
57.0000 2
57.5000 4
58.0000 6
58.5000 6
59.0000 4
59.5000 6
60.0000 8
60.5000 5
61.0000 9
61.5000 12
62.0000 18
62.5000 13
63.0000 13
63.5000 23
64.0000 25
64.5000 43
65.0000 43
65.5000 50
66.0000 47
66.5000 64
67.0000 88
67.5000 93
68.0000 114
68.5000 108
69.0000 165
69.5000 184
70.0000 203
70.5000 212
71.0000 269
71.5000 318
72.0000 374
72.5000 402
73.0000 449
73.5000 544
74.0000 588
74.5000 670
75.0000 788
75.5000 792
76.0000 997
76.5000 988
77.0000 1047
77.5000 1100
78.0000 1220
78.5000 1283
79.0000 1328
79.5000 1451
80.0000 1472
80.5000 1693
81.0000 1655
81.5000 1815
82.0000 1812
82.5000 1919
83.0000 1968
83.5000 2003
84.0000 2071
84.5000 2148
85.0000 2342
85.5000 2296
86.0000 2359
86.5000 2411
87.0000 2406
87.5000 2455
88.0000 2598
88.5000 2709
89.0000 2606
89.5000 2708
90.0000 2793
90.5000 2762
91.0000 2938
91.5000 2891
92.0000 2909
92.5000 2956
93.0000 3055
93.5000 3001
94.0000 3096
94.5000 3140
95.0000 3228
95.5000 3173
96.0000 3202
96.5000 3220
97.0000 3360
97.5000 3368
98.0000 3170
98.5000 3370
99.0000 3489
99.5000 3379
100.0000 3282
100.5000 3261
101.0000 3332
101.5000 3278
102.0000 3346
102.5000 3354
103.0000 3410
103.5000 3347
104.0000 3310
104.5000 3295
105.0000 3279
105.5000 3248
106.0000 3170
106.5000 3294
107.0000 3243
107.5000 3188
108.0000 3285
108.5000 3360
109.0000 3075
109.5000 3104
110.0000 3179
110.5000 3153
111.0000 3219
111.5000 3191
112.0000 3052
112.5000 3156
113.0000 3089
113.5000 3110
114.0000 3093
114.5000 3058
115.0000 3082
115.5000 3146
116.0000 3123
116.5000 3079
117.0000 3221
117.5000 3007
118.0000 3099
118.5000 3091
119.0000 3049
119.5000 3098
120.0000 3058
120.5000 3091
121.0000 3049
121.5000 3000
122.0000 3069
122.5000 3030
123.0000 2992
123.5000 3034
124.0000 2940
124.5000 2961
125.0000 3070
125.5000 3077
126.0000 2998
126.5000 2938
127.0000 2933
127.5000 2955
128.0000 3048
128.5000 2879
129.0000 2951
129.5000 2966
130.0000 2925
130.5000 3023
131.0000 2898
131.5000 2960
132.0000 2949
132.5000 2958
133.0000 2892
133.5000 2927
134.0000 2856
134.5000 2922
135.0000 2921
135.5000 2931
136.0000 2959
136.5000 2885
137.0000 2911
137.5000 2862
138.0000 2950
138.5000 2961
139.0000 2951
139.5000 2859
140.0000 2936
140.5000 2917
141.0000 2924
141.5000 2875
142.0000 2864
142.5000 2821
143.0000 2914
143.5000 2890
144.0000 2887
144.5000 2943
145.0000 2935
145.5000 2824
146.0000 2806
146.5000 2926
147.0000 2829
147.5000 2828
148.0000 2788
148.5000 2879
149.0000 2847
149.5000 2858
150.0000 2930
150.5000 2826
151.0000 2903
151.5000 2880
152.0000 2863
152.5000 2911
153.0000 2919
153.5000 2803
154.0000 2781
154.5000 2870
155.0000 2824
155.5000 2864
156.0000 2842
156.5000 2859
157.0000 2908
157.5000 2787
158.0000 2800
158.5000 2761
159.0000 2948
159.5000 2914
160.0000 2880
160.5000 2818
161.0000 2860
161.5000 2831
162.0000 2797
162.5000 2842
163.0000 2779
163.5000 2839
164.0000 2781
164.5000 2795
165.0000 2786
165.5000 2816
166.0000 2808
166.5000 2771
167.0000 2740
167.5000 2765
168.0000 2879
168.5000 2805
169.0000 2792
169.5000 2760
170.0000 2804
170.5000 2794
171.0000 2818
171.5000 2904
172.0000 2833
172.5000 2816
173.0000 2799
173.5000 2889
174.0000 2822
174.5000 2726
175.0000 2723
175.5000 2772
176.0000 2750
176.5000 2690
177.0000 2776
177.5000 2707
178.0000 2703
178.5000 2725
179.0000 2766
179.5000 2738
180.0000 2740
180.5000 2722
181.0000 2688
181.5000 2791
182.0000 2677
182.5000 2759
183.0000 2759
183.5000 2890
184.0000 2750
184.5000 2727
185.0000 2767
185.5000 2670
186.0000 2842
186.5000 2821
187.0000 2802
187.5000 2779
188.0000 2674
188.5000 2713
189.0000 2794
189.5000 2706
190.0000 2763
190.5000 2711
191.0000 2764
191.5000 2753
192.0000 2822
192.5000 2785
193.0000 2677
193.5000 2662
194.0000 2714
194.5000 2752
195.0000 2691
195.5000 2606
196.0000 2717
196.5000 2716
197.0000 2672
197.5000 2736
198.0000 2846
198.5000 2680
199.0000 2668
199.5000 2663
