0.0000 0
0.5000 0
1.0000 0
1.5000 0
2.0000 0
2.5000 0
3.0000 0
3.5000 1
4.0000 0
4.5000 2
5.0000 0
5.5000 1
6.0000 1
6.5000 0
7.0000 0
7.5000 0
8.0000 1
8.5000 0
9.0000 0
9.5000 0
10.0000 0
10.5000 0
11.0000 0
11.5000 0
12.0000 1
12.5000 0
13.0000 0
13.5000 1
14.0000 0
14.5000 0
15.0000 0
15.5000 1
16.0000 0
16.5000 0
17.0000 0
17.5000 0
18.0000 1
18.5000 1
19.0000 0
19.5000 0
20.0000 0
20.5000 0
21.0000 0
21.5000 0
22.0000 0
22.5000 2
23.0000 0
23.5000 1
24.0000 0
24.5000 0
25.0000 0
25.5000 0
26.0000 0
26.5000 0
27.0000 0
27.5000 2
28.0000 0
28.5000 1
29.0000 1
29.5000 0
30.0000 0
30.5000 0
31.0000 0
31.5000 0
32.0000 0
32.5000 0
33.0000 0
33.5000 0
34.0000 1
34.5000 0
35.0000 1
35.5000 0
36.0000 0
36.5000 0
37.0000 0
37.5000 0
38.0000 0
38.5000 0
39.0000 0
39.5000 0
40.0000 0
40.5000 0
41.0000 0
41.5000 0
42.0000 0
42.5000 0
43.0000 0
43.5000 0
44.0000 1
44.5000 0
45.0000 0
45.5000 1
46.0000 0
46.5000 0
47.0000 0
47.5000 0
48.0000 1
48.5000 0
49.0000 0
49.5000 1
50.0000 0
50.5000 1
51.0000 1
51.5000 0
52.0000 0
52.5000 0
53.0000 0
53.5000 1
54.0000 0
54.5000 1
55.0000 3
55.5000 2
56.0000 2
56.5000 2
57.0000 1
57.5000 5
58.0000 2
58.5000 7
59.0000 8
59.5000 9
60.0000 8
60.5000 9
61.0000 6
61.5000 16
62.0000 6
62.5000 15
63.0000 13
63.5000 13
64.0000 18
64.5000 22
65.0000 25
65.5000 35
66.0000 41
66.5000 56
67.0000 63
67.5000 64
68.0000 92
68.5000 92
69.0000 139
69.5000 125
70.0000 157
70.5000 192
71.0000 231
71.5000 246
72.0000 314
72.5000 344
73.0000 434
73.5000 434
74.0000 552
74.5000 573
75.0000 697
75.5000 735
76.0000 781
76.5000 850
77.0000 1012
77.5000 979
78.0000 1144
78.5000 1197
79.0000 1273
79.5000 1425
80.0000 1418
80.5000 1515
81.0000 1568
81.5000 1646
82.0000 1639
82.5000 1780
83.0000 1852
83.5000 1936
84.0000 2036
84.5000 2138
85.0000 2144
85.5000 2184
86.0000 2345
86.5000 2335
87.0000 2382
87.5000 2426
88.0000 2517
88.5000 2642
89.0000 2592
89.5000 2740
90.0000 2757
90.5000 2750
91.0000 2892
91.5000 2892
92.0000 3029
92.5000 2905
93.0000 3052
93.5000 3062
94.0000 3140
94.5000 3238
95.0000 3070
95.5000 3246
96.0000 3230
96.5000 3232
97.0000 3308
97.5000 3345
98.0000 3351
98.5000 3436
99.0000 3302
99.5000 3386
100.0000 3337
100.5000 3393
101.0000 3416
101.5000 3375
102.0000 3361
102.5000 3439
103.0000 3370
103.5000 3339
104.0000 3414
104.5000 3368
105.0000 3429
105.5000 3388
106.0000 3315
106.5000 3285
107.0000 3333
107.5000 3273
108.0000 3335
108.5000 3263
109.0000 3346
109.5000 3250
110.0000 3194
110.5000 3238
111.0000 3246
111.5000 3218
112.0000 3183
112.5000 3318
113.0000 3195
113.5000 3229
114.0000 3226
114.5000 3086
115.0000 3218
115.5000 3189
116.0000 3284
116.5000 3033
117.0000 3288
117.5000 3255
118.0000 3140
118.5000 3125
119.0000 3100
119.5000 3148
120.0000 3130
120.5000 3146
121.0000 3089
121.5000 3144
122.0000 3125
122.5000 3170
123.0000 3042
123.5000 3059
124.0000 3072
124.5000 3101
125.0000 2994
125.5000 3063
126.0000 3077
126.5000 3053
127.0000 3095
127.5000 3096
128.0000 2980
128.5000 3091
129.0000 3056
129.5000 3149
130.0000 3050
130.5000 2976
131.0000 3061
131.5000 2988
132.0000 3056
132.5000 3043
133.0000 3043
133.5000 3065
134.0000 3059
134.5000 3018
135.0000 2989
135.5000 3038
136.0000 3062
136.5000 3048
137.0000 3086
137.5000 3027
138.0000 2984
138.5000 3001
139.0000 2990
139.5000 3011
140.0000 3002
140.5000 3002
141.0000 2956
141.5000 3030
142.0000 2974
142.5000 3041
143.0000 2927
143.5000 2984
144.0000 2974
144.5000 2867
145.0000 2964
145.5000 2955
146.0000 2895
146.5000 2976
147.0000 2931
147.5000 2968
148.0000 3009
148.5000 2899
149.0000 2985
149.5000 2938
150.0000 2836
150.5000 2873
151.0000 2883
151.5000 2939
152.0000 2888
152.5000 2919
153.0000 2922
153.5000 2916
154.0000 2907
154.5000 2899
155.0000 2900
155.5000 2981
156.0000 2839
156.5000 2971
157.0000 2861
157.5000 2871
158.0000 2927
158.5000 2884
159.0000 2870
159.5000 2807
160.0000 2872
160.5000 2866
161.0000 2848
161.5000 2932
162.0000 2857
162.5000 2935
163.0000 2795
163.5000 2870
164.0000 2871
164.5000 2828
165.0000 2846
165.5000 2875
166.0000 2811
166.5000 2862
167.0000 2750
167.5000 2794
168.0000 2864
168.5000 2764
169.0000 2787
169.5000 2752
170.0000 2897
170.5000 2850
171.0000 2774
171.5000 2948
172.0000 2819
172.5000 2932
173.0000 2785
173.5000 2850
174.0000 2881
174.5000 2790
175.0000 2870
175.5000 2917
176.0000 2752
176.5000 2750
177.0000 2861
177.5000 2862
178.0000 2767
178.5000 2736
179.0000 2835
179.5000 2786
180.0000 2808
180.5000 2857
181.0000 2774
181.5000 2776
182.0000 2842
182.5000 2804
183.0000 2828
183.5000 2724
184.0000 2770
184.5000 2767
185.0000 2833
185.5000 2927
186.0000 2836
186.5000 2834
187.0000 2902
187.5000 2862
188.0000 2761
188.5000 2780
189.0000 2820
189.5000 2835
190.0000 2820
190.5000 2795
191.0000 2839
191.5000 2780
192.0000 2808
192.5000 2732
193.0000 2815
193.5000 2778
194.0000 2870
194.5000 2740
195.0000 2799
195.5000 2796
196.0000 2846
196.5000 2769
197.0000 2768
197.5000 2841
198.0000 2794
198.5000 2684
199.0000 2706
199.5000 2742
