0.0000 1
0.5000 0
1.0000 0
1.5000 0
2.0000 0
2.5000 0
3.0000 0
3.5000 0
4.0000 2
4.5000 0
5.0000 0
5.5000 0
6.0000 0
6.5000 0
7.0000 0
7.5000 1
8.0000 0
8.5000 2
9.0000 0
9.5000 1
10.0000 0
10.5000 0
11.0000 0
11.5000 0
12.0000 0
12.5000 0
13.0000 0
13.5000 0
14.0000 0
14.5000 0
15.0000 1
15.5000 1
16.0000 0
16.5000 1
17.0000 1
17.5000 0
18.0000 1
18.5000 0
19.0000 0
19.5000 0
20.0000 0
20.5000 0
21.0000 0
21.5000 0
22.0000 0
22.5000 1
23.0000 0
23.5000 1
24.0000 0
24.5000 0
25.0000 1
25.5000 1
26.0000 0
26.5000 1
27.0000 0
27.5000 1
28.0000 0
28.5000 1
29.0000 0
29.5000 0
30.0000 0
30.5000 0
31.0000 0
31.5000 0
32.0000 1
32.5000 0
33.0000 0
33.5000 0
34.0000 1
34.5000 0
35.0000 0
35.5000 0
36.0000 0
36.5000 0
37.0000 0
37.5000 0
38.0000 0
38.5000 0
39.0000 0
39.5000 0
40.0000 0
40.5000 0
41.0000 0
41.5000 0
42.0000 1
42.5000 0
43.0000 0
43.5000 0
44.0000 0
44.5000 0
45.0000 0
45.5000 0
46.0000 0
46.5000 0
47.0000 0
47.5000 0
48.0000 1
48.5000 0
49.0000 0
49.5000 0
50.0000 1
50.5000 0
51.0000 0
51.5000 0
52.0000 0
52.5000 1
53.0000 0
53.5000 0
54.0000 0
54.5000 2
55.0000 0
55.5000 0
56.0000 0
56.5000 7
57.0000 0
57.5000 2
58.0000 3
58.5000 6
59.0000 8
59.5000 6
60.0000 4
60.5000 5
61.0000 10
61.5000 10
62.0000 9
62.5000 17
63.0000 18
63.5000 21
64.0000 18
64.5000 24
65.0000 28
65.5000 34
66.0000 41
66.5000 48
67.0000 63
67.5000 60
68.0000 90
68.5000 119
69.0000 120
69.5000 140
70.0000 150
70.5000 160
71.0000 218
71.5000 241
72.0000 293
72.5000 330
73.0000 388
73.5000 441
74.0000 483
74.5000 568
75.0000 607
75.5000 692
76.0000 718
76.5000 781
77.0000 876
77.5000 1000
78.0000 1033
78.5000 1204
79.0000 1191
79.5000 1224
80.0000 1288
80.5000 1420
81.0000 1439
81.5000 1479
82.0000 1554
82.5000 1678
83.0000 1707
83.5000 1815
84.0000 1942
84.5000 1971
85.0000 1978
85.5000 2088
86.0000 2136
86.5000 2181
87.0000 2185
87.5000 2289
88.0000 2357
88.5000 2372
89.0000 2415
89.5000 2478
90.0000 2446
90.5000 2624
91.0000 2587
91.5000 2639
92.0000 2719
92.5000 2771
93.0000 2782
93.5000 2730
94.0000 2876
94.5000 2844
95.0000 3023
95.5000 3037
96.0000 3009
96.5000 2985
97.0000 3028
97.5000 3123
98.0000 3109
98.5000 3055
99.0000 3179
99.5000 3166
100.0000 3148
100.5000 3199
101.0000 3186
101.5000 3131
102.0000 3153
102.5000 3125
103.0000 3150
103.5000 3144
104.0000 3099
104.5000 3273
105.0000 3151
105.5000 3107
106.0000 3150
106.5000 3185
107.0000 3085
107.5000 3031
108.0000 3090
108.5000 3009
109.0000 3105
109.5000 2961
110.0000 3008
110.5000 3053
111.0000 2990
111.5000 2882
112.0000 2981
112.5000 3007
113.0000 2954
113.5000 2984
114.0000 3017
114.5000 2915
115.0000 2970
115.5000 2966
116.0000 2986
116.5000 2937
117.0000 2979
117.5000 3029
118.0000 2928
118.5000 2918
119.0000 2973
119.5000 2972
120.0000 2932
120.5000 2925
121.0000 2963
121.5000 2872
122.0000 2897
122.5000 2847
123.0000 2948
123.5000 2922
124.0000 2849
124.5000 2761
125.0000 2875
125.5000 2830
126.0000 2832
126.5000 2854
127.0000 2844
127.5000 2825
128.0000 2842
128.5000 2794
129.0000 2783
129.5000 2891
130.0000 2763
130.5000 2821
131.0000 2853
131.5000 2881
132.0000 2782
132.5000 2800
133.0000 2766
133.5000 2730
134.0000 2900
134.5000 2824
135.0000 2931
135.5000 2785
136.0000 2797
136.5000 2803
137.0000 2808
137.5000 2790
138.0000 2762
138.5000 2749
139.0000 2859
139.5000 2792
140.0000 2814
140.5000 2832
141.0000 2773
141.5000 2811
142.0000 2740
142.5000 2750
143.0000 2789
143.5000 2770
144.0000 2736
144.5000 2770
145.0000 2688
145.5000 2728
146.0000 2774
146.5000 2767
147.0000 2768
147.5000 2671
148.0000 2723
148.5000 2693
149.0000 2726
149.5000 2668
150.0000 2686
150.5000 2699
151.0000 2625
151.5000 2688
152.0000 2726
152.5000 2756
153.0000 2758
153.5000 2711
154.0000 2688
154.5000 2823
155.0000 2689
155.5000 2729
156.0000 2677
156.5000 2642
157.0000 2713
157.5000 2630
158.0000 2603
158.5000 2746
159.0000 2696
159.5000 2651
160.0000 2667
160.5000 2596
161.0000 2682
161.5000 2610
162.0000 2689
162.5000 2646
163.0000 2580
163.5000 2597
164.0000 2672
164.5000 2749
165.0000 2580
165.5000 2610
166.0000 2691
166.5000 2610
167.0000 2651
167.5000 2597
168.0000 2677
168.5000 2600
169.0000 2625
169.5000 2573
170.0000 2711
170.5000 2705
171.0000 2670
171.5000 2631
172.0000 2557
172.5000 2587
173.0000 2702
173.5000 2596
174.0000 2680
174.5000 2614
175.0000 2586
175.5000 2658
176.0000 2602
176.5000 2665
177.0000 2569
177.5000 2579
178.0000 2675
178.5000 2674
179.0000 2631
179.5000 2622
180.0000 2647
180.5000 2536
181.0000 2623
181.5000 2683
182.0000 2578
182.5000 2581
183.0000 2629
183.5000 2594
184.0000 2688
184.5000 2623
185.0000 2627
185.5000 2630
186.0000 2588
186.5000 2583
187.0000 2608
187.5000 2612
188.0000 2644
188.5000 2620
189.0000 2540
189.5000 2554
190.0000 2598
190.5000 2682
191.0000 2477
191.5000 2640
192.0000 2638
192.5000 2563
193.0000 2629
193.5000 2560
194.0000 2583
194.5000 2486
195.0000 2583
195.5000 2617
196.0000 2570
196.5000 2680
197.0000 2638
197.5000 2530
198.0000 2543
198.5000 2602
199.0000 2531
199.5000 2606
