0.0000 0
0.5000 0
1.0000 1
1.5000 0
2.0000 0
2.5000 0
3.0000 0
3.5000 0
4.0000 1
4.5000 0
5.0000 0
5.5000 0
6.0000 0
6.5000 0
7.0000 1
7.5000 0
8.0000 0
8.5000 0
9.0000 0
9.5000 0
10.0000 0
10.5000 0
11.0000 0
11.5000 0
12.0000 0
12.5000 0
13.0000 0
13.5000 0
14.0000 0
14.5000 0
15.0000 0
15.5000 0
16.0000 0
16.5000 1
17.0000 0
17.5000 0
18.0000 0
18.5000 0
19.0000 0
19.5000 0
20.0000 1
20.5000 0
21.0000 1
21.5000 1
22.0000 0
22.5000 0
23.0000 0
23.5000 1
24.0000 0
24.5000 1
25.0000 0
25.5000 0
26.0000 0
26.5000 0
27.0000 1
27.5000 0
28.0000 0
28.5000 0
29.0000 0
29.5000 0
30.0000 0
30.5000 2
31.0000 0
31.5000 0
32.0000 0
32.5000 0
33.0000 0
33.5000 0
34.0000 0
34.5000 0
35.0000 0
35.5000 0
36.0000 1
36.5000 0
37.0000 0
37.5000 0
38.0000 0
38.5000 0
39.0000 0
39.5000 0
40.0000 0
40.5000 0
41.0000 0
41.5000 0
42.0000 1
42.5000 0
43.0000 1
43.5000 0
44.0000 0
44.5000 0
45.0000 0
45.5000 0
46.0000 0
46.5000 0
47.0000 0
47.5000 0
48.0000 0
48.5000 0
49.0000 0
49.5000 0
50.0000 0
50.5000 2
51.0000 1
51.5000 0
52.0000 1
52.5000 0
53.0000 1
53.5000 0
54.0000 1
54.5000 2
55.0000 0
55.5000 2
56.0000 5
56.5000 0
57.0000 2
57.5000 1
58.0000 3
58.5000 4
59.0000 2
59.5000 6
60.0000 2
60.5000 6
61.0000 12
61.5000 3
62.0000 12
62.5000 16
63.0000 21
63.5000 9
64.0000 18
64.5000 30
65.0000 25
65.5000 30
66.0000 37
66.5000 55
67.0000 64
67.5000 66
68.0000 69
68.5000 99
69.0000 107
69.5000 112
70.0000 114
70.5000 141
71.0000 176
71.5000 219
72.0000 231
72.5000 301
73.0000 316
73.5000 351
74.0000 407
74.5000 476
75.0000 501
75.5000 554
76.0000 690
76.5000 652
77.0000 729
77.5000 748
78.0000 862
78.5000 864
79.0000 914
79.5000 1027
80.0000 1022
80.5000 1155
81.0000 1209
81.5000 1182
82.0000 1234
82.5000 1310
83.0000 1403
83.5000 1417
84.0000 1423
84.5000 1538
85.0000 1616
85.5000 1653
86.0000 1629
86.5000 1754
87.0000 1793
87.5000 1810
88.0000 1871
88.5000 1906
89.0000 1815
89.5000 1902
90.0000 2048
90.5000 2038
91.0000 2086
91.5000 2134
92.0000 2054
92.5000 2167
93.0000 2190
93.5000 2203
94.0000 2270
94.5000 2284
95.0000 2306
95.5000 2327
96.0000 2340
96.5000 2478
97.0000 2358
97.5000 2390
98.0000 2431
98.5000 2452
99.0000 2449
99.5000 2425
100.0000 2389
100.5000 2407
101.0000 2421
101.5000 2530
102.0000 2461
102.5000 2536
103.0000 2595
103.5000 2392
104.0000 2518
104.5000 2461
105.0000 2481
105.5000 2406
106.0000 2394
106.5000 2481
107.0000 2324
107.5000 2417
108.0000 2365
108.5000 2354
109.0000 2449
109.5000 2330
110.0000 2321
110.5000 2356
111.0000 2439
111.5000 2355
112.0000 2287
112.5000 2344
113.0000 2256
113.5000 2346
114.0000 2381
114.5000 2284
115.0000 2350
115.5000 2431
116.0000 2282
116.5000 2357
117.0000 2299
117.5000 2290
118.0000 2398
118.5000 2317
119.0000 2299
119.5000 2339
120.0000 2244
120.5000 2274
121.0000 2252
121.5000 2292
122.0000 2274
122.5000 2329
123.0000 2320
123.5000 2268
124.0000 2241
124.5000 2247
125.0000 2231
125.5000 2221
126.0000 2214
126.5000 2134
127.0000 2324
127.5000 2274
128.0000 2202
128.5000 2248
129.0000 2229
129.5000 2215
130.0000 2231
130.5000 2180
131.0000 2301
131.5000 2204
132.0000 2143
132.5000 2216
133.0000 2250
133.5000 2152
134.0000 2112
134.5000 2213
135.0000 2149
135.5000 2250
136.0000 2071
136.5000 2222
137.0000 2300
137.5000 2225
138.0000 2191
138.5000 2145
139.0000 2295
139.5000 2173
140.0000 2209
140.5000 2170
141.0000 2143
141.5000 2109
142.0000 2150
142.5000 2121
143.0000 2207
143.5000 2164
144.0000 2178
144.5000 2167
145.0000 2201
145.5000 2205
146.0000 2159
146.5000 2193
147.0000 2113
147.5000 2160
148.0000 2120
148.5000 2125
149.0000 2179
149.5000 2123
150.0000 2125
150.5000 2109
151.0000 2096
151.5000 2206
152.0000 2222
152.5000 2232
153.0000 2131
153.5000 2106
154.0000 2233
154.5000 2062
155.0000 2142
155.5000 2086
156.0000 2207
156.5000 2079
157.0000 2161
157.5000 2198
158.0000 2039
158.5000 2109
159.0000 2100
159.5000 2156
160.0000 2068
160.5000 2090
161.0000 2168
161.5000 2056
162.0000 2129
162.5000 2150
163.0000 2168
163.5000 2083
164.0000 2168
164.5000 2199
165.0000 2125
165.5000 2140
166.0000 2101
166.5000 2122
167.0000 2103
167.5000 2124
168.0000 2080
168.5000 2080
169.0000 2090
169.5000 2081
170.0000 2080
170.5000 2089
171.0000 2019
171.5000 2096
172.0000 2083
172.5000 2139
173.0000 2138
173.5000 2044
174.0000 2065
174.5000 2127
175.0000 2092
175.5000 2063
176.0000 2101
176.5000 2108
177.0000 2083
177.5000 2043
178.0000 2097
178.5000 2088
179.0000 2107
179.5000 2100
180.0000 2114
180.5000 2081
181.0000 2059
181.5000 2078
182.0000 2114
182.5000 2038
183.0000 1984
183.5000 2061
184.0000 2105
184.5000 2157
185.0000 2072
185.5000 2120
186.0000 2104
186.5000 2101
187.0000 2109
187.5000 2064
188.0000 2018
188.5000 2096
189.0000 2113
189.5000 2133
190.0000 2073
190.5000 2068
191.0000 2124
191.5000 2068
192.0000 2089
192.5000 2158
193.0000 2028
193.5000 2088
194.0000 2062
194.5000 2049
195.0000 1967
195.5000 2084
196.0000 2072
196.5000 2100
197.0000 2068
197.5000 2058
198.0000 2034
198.5000 2110
199.0000 2004
199.5000 1995
