0.0000 1
0.5000 0
1.0000 0
1.5000 0
2.0000 0
2.5000 0
3.0000 0
3.5000 0
4.0000 0
4.5000 0
5.0000 0
5.5000 0
6.0000 0
6.5000 0
7.0000 0
7.5000 2
8.0000 1
8.5000 1
9.0000 0
9.5000 1
10.0000 1
10.5000 0
11.0000 0
11.5000 0
12.0000 0
12.5000 0
13.0000 0
13.5000 1
14.0000 0
14.5000 0
15.0000 1
15.5000 0
16.0000 0
16.5000 0
17.0000 0
17.5000 0
18.0000 0
18.5000 0
19.0000 0
19.5000 0
20.0000 0
20.5000 0
21.0000 0
21.5000 0
22.0000 0
22.5000 0
23.0000 0
23.5000 1
24.0000 0
24.5000 0
25.0000 0
25.5000 0
26.0000 1
26.5000 0
27.0000 0
27.5000 1
28.0000 0
28.5000 0
29.0000 0
29.5000 0
30.0000 0
30.5000 0
31.0000 0
31.5000 0
32.0000 2
32.5000 0
33.0000 0
33.5000 0
34.0000 1
34.5000 0
35.0000 0
35.5000 0
36.0000 0
36.5000 1
37.0000 0
37.5000 0
38.0000 0
38.5000 1
39.0000 0
39.5000 0
40.0000 0
40.5000 0
41.0000 0
41.5000 0
42.0000 0
42.5000 0
43.0000 0
43.5000 0
44.0000 0
44.5000 0
45.0000 0
45.5000 0
46.0000 0
46.5000 0
47.0000 0
47.5000 0
48.0000 1
48.5000 0
49.0000 0
49.5000 1
50.0000 0
50.5000 1
51.0000 0
51.5000 0
52.0000 0
52.5000 0
53.0000 1
53.5000 0
54.0000 0
54.5000 1
55.0000 2
55.5000 1
56.0000 0
56.5000 1
57.0000 1
57.5000 0
58.0000 5
58.5000 5
59.0000 4
59.5000 4
60.0000 2
60.5000 4
61.0000 4
61.5000 6
62.0000 4
62.5000 9
63.0000 8
63.5000 11
64.0000 20
64.5000 21
65.0000 21
65.5000 24
66.0000 20
66.5000 34
67.0000 34
67.5000 37
68.0000 48
68.5000 55
69.0000 66
69.5000 79
70.0000 92
70.5000 99
71.0000 122
71.5000 148
72.0000 187
72.5000 171
73.0000 194
73.5000 249
74.0000 245
74.5000 291
75.0000 332
75.5000 345
76.0000 405
76.5000 379
77.0000 459
77.5000 498
78.0000 549
78.5000 519
79.0000 621
79.5000 632
80.0000 683
80.5000 696
81.0000 755
81.5000 816
82.0000 861
82.5000 816
83.0000 923
83.5000 900
84.0000 937
84.5000 1030
85.0000 1011
85.5000 1073
86.0000 1049
86.5000 1105
87.0000 1127
87.5000 1128
88.0000 1211
88.5000 1262
89.0000 1282
89.5000 1326
90.0000 1329
90.5000 1310
91.0000 1350
91.5000 1435
92.0000 1462
92.5000 1443
93.0000 1430
93.5000 1483
94.0000 1471
94.5000 1516
95.0000 1603
95.5000 1612
96.0000 1555
96.5000 1583
97.0000 1595
97.5000 1582
98.0000 1616
98.5000 1624
99.0000 1549
99.5000 1665
100.0000 1604
100.5000 1664
101.0000 1638
101.5000 1611
102.0000 1681
102.5000 1618
103.0000 1664
103.5000 1622
104.0000 1633
104.5000 1675
105.0000 1628
105.5000 1579
106.0000 1652
106.5000 1611
107.0000 1624
107.5000 1660
108.0000 1699
108.5000 1540
109.0000 1595
109.5000 1619
110.0000 1708
110.5000 1566
111.0000 1543
111.5000 1599
112.0000 1581
112.5000 1626
113.0000 1561
113.5000 1505
114.0000 1581
114.5000 1617
115.0000 1541
115.5000 1541
116.0000 1647
116.5000 1553
117.0000 1547
117.5000 1557
118.0000 1577
118.5000 1552
119.0000 1493
119.5000 1584
120.0000 1565
120.5000 1522
121.0000 1486
121.5000 1469
122.0000 1526
122.5000 1571
123.0000 1538
123.5000 1477
124.0000 1581
124.5000 1453
125.0000 1466
125.5000 1487
126.0000 1489
126.5000 1547
127.0000 1509
127.5000 1534
128.0000 1499
128.5000 1502
129.0000 1438
129.5000 1489
130.0000 1478
130.5000 1506
131.0000 1497
131.5000 1485
132.0000 1449
132.5000 1495
133.0000 1471
133.5000 1477
134.0000 1461
134.5000 1474
135.0000 1462
135.5000 1460
136.0000 1406
136.5000 1457
137.0000 1467
137.5000 1457
138.0000 1468
138.5000 1424
139.0000 1456
139.5000 1462
140.0000 1421
140.5000 1534
141.0000 1475
141.5000 1454
142.0000 1484
142.5000 1463
143.0000 1418
143.5000 1398
144.0000 1445
144.5000 1430
145.0000 1436
145.5000 1412
146.0000 1509
146.5000 1474
147.0000 1569
147.5000 1466
148.0000 1439
148.5000 1471
149.0000 1376
149.5000 1464
150.0000 1423
150.5000 1437
151.0000 1422
151.5000 1454
152.0000 1424
152.5000 1420
153.0000 1497
153.5000 1387
154.0000 1465
154.5000 1461
155.0000 1453
155.5000 1435
156.0000 1483
156.5000 1413
157.0000 1409
157.5000 1548
158.0000 1445
158.5000 1448
159.0000 1475
159.5000 1477
160.0000 1391
160.5000 1399
161.0000 1465
161.5000 1429
162.0000 1408
162.5000 1434
163.0000 1398
163.5000 1393
164.0000 1471
164.5000 1449
165.0000 1410
165.5000 1426
166.0000 1421
166.5000 1428
167.0000 1435
167.5000 1437
168.0000 1391
168.5000 1433
169.0000 1399
169.5000 1432
170.0000 1399
170.5000 1444
171.0000 1406
171.5000 1331
172.0000 1406
172.5000 1473
173.0000 1437
173.5000 1375
174.0000 1446
174.5000 1463
175.0000 1419
175.5000 1446
176.0000 1400
176.5000 1394
177.0000 1375
177.5000 1411
178.0000 1387
178.5000 1406
179.0000 1461
179.5000 1497
180.0000 1451
180.5000 1399
181.0000 1456
181.5000 1497
182.0000 1427
182.5000 1372
183.0000 1351
183.5000 1386
184.0000 1369
184.5000 1385
185.0000 1389
185.5000 1469
186.0000 1429
186.5000 1423
187.0000 1429
187.5000 1453
188.0000 1441
188.5000 1406
189.0000 1422
189.5000 1366
190.0000 1367
190.5000 1420
191.0000 1404
191.5000 1414
192.0000 1395
192.5000 1334
193.0000 1456
193.5000 1409
194.0000 1406
194.5000 1349
195.0000 1367
195.5000 1403
196.0000 1316
196.5000 1385
197.0000 1394
197.5000 1414
198.0000 1389
198.5000 1426
199.0000 1387
199.5000 1369
