0.0000 0
0.5000 0
1.0000 0
1.5000 0
2.0000 0
2.5000 1
3.0000 0
3.5000 0
4.0000 0
4.5000 1
5.0000 1
5.5000 0
6.0000 0
6.5000 0
7.0000 0
7.5000 1
8.0000 0
8.5000 0
9.0000 1
9.5000 0
10.0000 0
10.5000 0
11.0000 0
11.5000 0
12.0000 1
12.5000 0
13.0000 1
13.5000 0
14.0000 2
14.5000 0
15.0000 0
15.5000 0
16.0000 0
16.5000 0
17.0000 0
17.5000 0
18.0000 0
18.5000 0
19.0000 1
19.5000 0
20.0000 0
20.5000 0
21.0000 1
21.5000 0
22.0000 0
22.5000 1
23.0000 0
23.5000 0
24.0000 0
24.5000 0
25.0000 2
25.5000 0
26.0000 0
26.5000 0
27.0000 0
27.5000 0
28.0000 0
28.5000 1
29.0000 1
29.5000 1
30.0000 1
30.5000 0
31.0000 0
31.5000 0
32.0000 0
32.5000 1
33.0000 0
33.5000 0
34.0000 0
34.5000 0
35.0000 0
35.5000 0
36.0000 0
36.5000 0
37.0000 0
37.5000 0
38.0000 0
38.5000 0
39.0000 0
39.5000 0
40.0000 2
40.5000 0
41.0000 0
41.5000 0
42.0000 0
42.5000 1
43.0000 0
43.5000 0
44.0000 0
44.5000 0
45.0000 0
45.5000 0
46.0000 0
46.5000 0
47.0000 0
47.5000 0
48.0000 0
48.5000 0
49.0000 1
49.5000 0
50.0000 0
50.5000 0
51.0000 0
51.5000 0
52.0000 1
52.5000 1
53.0000 1
53.5000 2
54.0000 0
54.5000 2
55.0000 3
55.5000 0
56.0000 1
56.5000 0
57.0000 4
57.5000 1
58.0000 0
58.5000 0
59.0000 1
59.5000 1
60.0000 4
60.5000 0
61.0000 1
61.5000 4
62.0000 3
62.5000 4
63.0000 6
63.5000 10
64.0000 4
64.5000 11
65.0000 5
65.5000 9
66.0000 11
66.5000 13
67.0000 12
67.5000 19
68.0000 18
68.5000 18
69.0000 21
69.5000 27
70.0000 31
70.5000 43
71.0000 47
71.5000 36
72.0000 51
72.5000 56
73.0000 73
73.5000 68
74.0000 81
74.5000 83
75.0000 94
75.5000 103
76.0000 101
76.5000 121
77.0000 95
77.5000 107
78.0000 116
78.5000 117
79.0000 110
79.5000 115
80.0000 144
80.5000 145
81.0000 137
81.5000 146
82.0000 179
82.5000 170
83.0000 175
83.5000 204
84.0000 178
84.5000 187
85.0000 208
85.5000 183
86.0000 208
86.5000 213
87.0000 197
87.5000 219
88.0000 230
88.5000 186
89.0000 216
89.5000 226
90.0000 229
90.5000 241
91.0000 251
91.5000 260
92.0000 227
92.5000 222
93.0000 230
93.5000 256
94.0000 260
94.5000 261
95.0000 274
95.5000 257
96.0000 278
96.5000 260
97.0000 242
97.5000 305
98.0000 296
98.5000 264
99.0000 254
99.5000 238
100.0000 276
100.5000 247
101.0000 231
101.5000 273
102.0000 269
102.5000 255
103.0000 287
103.5000 262
104.0000 293
104.5000 238
105.0000 262
105.5000 264
106.0000 265
106.5000 266
107.0000 253
107.5000 279
108.0000 261
108.5000 254
109.0000 262
109.5000 251
110.0000 259
110.5000 279
111.0000 252
111.5000 255
112.0000 239
112.5000 246
113.0000 249
113.5000 238
114.0000 281
114.5000 248
115.0000 255
115.5000 257
116.0000 253
116.5000 242
117.0000 249
117.5000 241
118.0000 250
118.5000 240
119.0000 255
119.5000 273
120.0000 228
120.5000 254
121.0000 230
121.5000 244
122.0000 293
122.5000 230
123.0000 237
123.5000 230
124.0000 251
124.5000 268
125.0000 240
125.5000 222
126.0000 231
126.5000 250
127.0000 241
127.5000 268
128.0000 246
128.5000 280
129.0000 237
129.5000 251
130.0000 218
130.5000 231
131.0000 241
131.5000 262
132.0000 218
132.5000 217
133.0000 243
133.5000 212
134.0000 233
134.5000 237
135.0000 240
135.5000 218
136.0000 218
136.5000 235
137.0000 219
137.5000 243
138.0000 208
138.5000 224
139.0000 265
139.5000 213
140.0000 218
140.5000 242
141.0000 197
141.5000 236
142.0000 237
142.5000 232
143.0000 235
143.5000 255
144.0000 254
144.5000 224
145.0000 234
145.5000 235
146.0000 226
146.5000 241
147.0000 244
147.5000 263
148.0000 248
148.5000 221
149.0000 256
149.5000 227
150.0000 245
150.5000 227
151.0000 221
151.5000 214
152.0000 238
152.5000 248
153.0000 218
153.5000 255
154.0000 247
154.5000 218
155.0000 235
155.5000 224
156.0000 212
156.5000 217
157.0000 226
157.5000 255
158.0000 237
158.5000 243
159.0000 232
159.5000 255
160.0000 221
160.5000 228
161.0000 219
161.5000 228
162.0000 240
162.5000 223
163.0000 245
163.5000 235
164.0000 241
164.5000 225
165.0000 203
165.5000 223
166.0000 195
166.5000 230
167.0000 222
167.5000 219
168.0000 236
168.5000 231
169.0000 247
169.5000 209
170.0000 224
170.5000 211
171.0000 218
171.5000 241
172.0000 224
172.5000 224
173.0000 229
173.5000 224
174.0000 220
174.5000 248
175.0000 224
175.5000 226
176.0000 239
176.5000 266
177.0000 232
177.5000 218
178.0000 257
178.5000 233
179.0000 222
179.5000 228
180.0000 244
180.5000 225
181.0000 211
181.5000 203
182.0000 259
182.5000 261
183.0000 221
183.5000 217
184.0000 223
184.5000 207
185.0000 236
185.5000 224
186.0000 229
186.5000 247
187.0000 236
187.5000 213
188.0000 217
188.5000 220
189.0000 216
189.5000 233
190.0000 213
190.5000 228
191.0000 240
191.5000 214
192.0000 238
192.5000 213
193.0000 198
193.5000 239
194.0000 216
194.5000 229
195.0000 218
195.5000 211
196.0000 214
196.5000 228
197.0000 220
197.5000 201
198.0000 241
198.5000 234
199.0000 264
199.5000 238
