0.0000 0
0.5000 0
1.0000 0
1.5000 0
2.0000 0
2.5000 1
3.0000 0
3.5000 0
4.0000 0
4.5000 0
5.0000 0
5.5000 0
6.0000 0
6.5000 0
7.0000 0
7.5000 0
8.0000 1
8.5000 0
9.0000 1
9.5000 0
10.0000 0
10.5000 0
11.0000 0
11.5000 0
12.0000 1
12.5000 0
13.0000 0
13.5000 0
14.0000 0
14.5000 0
15.0000 0
15.5000 0
16.0000 0
16.5000 0
17.0000 1
17.5000 0
18.0000 0
18.5000 0
19.0000 0
19.5000 0
20.0000 1
20.5000 0
21.0000 0
21.5000 0
22.0000 0
22.5000 0
23.0000 0
23.5000 0
24.0000 0
24.5000 1
25.0000 0
25.5000 0
26.0000 0
26.5000 1
27.0000 0
27.5000 1
28.0000 0
28.5000 0
29.0000 0
29.5000 0
30.0000 0
30.5000 1
31.0000 0
31.5000 0
32.0000 0
32.5000 1
33.0000 0
33.5000 0
34.0000 1
34.5000 0
35.0000 0
35.5000 1
36.0000 2
36.5000 0
37.0000 0
37.5000 0
38.0000 0
38.5000 0
39.0000 2
39.5000 2
40.0000 1
40.5000 0
41.0000 1
41.5000 1
42.0000 1
42.5000 1
43.0000 0
43.5000 0
44.0000 2
44.5000 0
45.0000 1
45.5000 1
46.0000 0
46.5000 2
47.0000 1
47.5000 0
48.0000 0
48.5000 1
49.0000 0
49.5000 0
50.0000 0
50.5000 0
51.0000 0
51.5000 0
52.0000 0
52.5000 1
53.0000 0
53.5000 0
54.0000 1
54.5000 0
55.0000 0
55.5000 0
56.0000 1
56.5000 0
57.0000 1
57.5000 0
58.0000 1
58.5000 2
59.0000 0
59.5000 0
60.0000 1
60.5000 4
61.0000 0
61.5000 2
62.0000 2
62.5000 4
63.0000 5
63.5000 9
64.0000 6
64.5000 11
65.0000 12
65.5000 4
66.0000 11
66.5000 10
67.0000 21
67.5000 21
68.0000 24
68.5000 26
69.0000 39
69.5000 31
70.0000 38
70.5000 49
71.0000 55
71.5000 56
72.0000 76
72.5000 66
73.0000 79
73.5000 91
74.0000 107
74.5000 106
75.0000 139
75.5000 133
76.0000 144
76.5000 143
77.0000 191
77.5000 172
78.0000 193
78.5000 246
79.0000 215
79.5000 255
80.0000 257
80.5000 285
81.0000 308
81.5000 314
82.0000 305
82.5000 282
83.0000 344
83.5000 400
84.0000 381
84.5000 393
85.0000 459
85.5000 429
86.0000 428
86.5000 433
87.0000 484
87.5000 485
88.0000 495
88.5000 532
89.0000 509
89.5000 564
90.0000 576
90.5000 610
91.0000 594
91.5000 612
92.0000 641
92.5000 568
93.0000 612
93.5000 698
94.0000 654
94.5000 700
95.0000 669
95.5000 688
96.0000 746
96.5000 658
97.0000 755
97.5000 685
98.0000 698
98.5000 790
99.0000 771
99.5000 747
100.0000 715
100.5000 719
101.0000 697
101.5000 754
102.0000 740
102.5000 744
103.0000 824
103.5000 763
104.0000 781
104.5000 788
105.0000 756
105.5000 808
106.0000 772
106.5000 811
107.0000 798
107.5000 790
108.0000 752
108.5000 716
109.0000 740
109.5000 799
110.0000 733
110.5000 727
111.0000 756
111.5000 800
112.0000 794
112.5000 809
113.0000 731
113.5000 760
114.0000 771
114.5000 772
115.0000 728
115.5000 765
116.0000 712
116.5000 747
117.0000 750
117.5000 735
118.0000 743
118.5000 775
119.0000 768
119.5000 776
120.0000 732
120.5000 726
121.0000 753
121.5000 723
122.0000 701
122.5000 695
123.0000 772
123.5000 738
124.0000 722
124.5000 776
125.0000 759
125.5000 752
126.0000 734
126.5000 738
127.0000 708
127.5000 733
128.0000 758
128.5000 733
129.0000 676
129.5000 761
130.0000 725
130.5000 748
131.0000 740
131.5000 694
132.0000 720
132.5000 750
133.0000 714
133.5000 747
134.0000 732
134.5000 759
135.0000 709
135.5000 711
136.0000 714
136.5000 729
137.0000 720
137.5000 768
138.0000 816
138.5000 711
139.0000 761
139.5000 697
140.0000 754
140.5000 700
141.0000 746
141.5000 703
142.0000 696
142.5000 747
143.0000 714
143.5000 743
144.0000 737
144.5000 686
145.0000 705
145.5000 710
146.0000 696
146.5000 713
147.0000 698
147.5000 750
148.0000 763
148.5000 724
149.0000 698
149.5000 679
150.0000 697
150.5000 693
151.0000 780
151.5000 725
152.0000 747
152.5000 700
153.0000 716
153.5000 688
154.0000 730
154.5000 738
155.0000 693
155.5000 688
156.0000 757
156.5000 663
157.0000 737
157.5000 691
158.0000 666
158.5000 697
159.0000 696
159.5000 722
160.0000 714
160.5000 737
161.0000 674
161.5000 715
162.0000 769
162.5000 719
163.0000 725
163.5000 752
164.0000 686
164.5000 741
165.0000 668
165.5000 715
166.0000 720
166.5000 693
167.0000 707
167.5000 725
168.0000 692
168.5000 734
169.0000 770
169.5000 729
170.0000 690
170.5000 724
171.0000 694
171.5000 710
172.0000 676
172.5000 704
173.0000 731
173.5000 751
174.0000 678
174.5000 764
175.0000 701
175.5000 731
176.0000 731
176.5000 728
177.0000 713
177.5000 707
178.0000 685
178.5000 707
179.0000 753
179.5000 683
180.0000 678
180.5000 712
181.0000 740
181.5000 721
182.0000 741
182.5000 719
183.0000 655
183.5000 708
184.0000 696
184.5000 680
185.0000 706
185.5000 702
186.0000 719
186.5000 699
187.0000 739
187.5000 734
188.0000 685
188.5000 672
189.0000 704
189.5000 694
190.0000 722
190.5000 696
191.0000 680
191.5000 727
192.0000 715
192.5000 715
193.0000 753
193.5000 706
194.0000 688
194.5000 687
195.0000 734
195.5000 731
196.0000 722
196.5000 704
197.0000 742
197.5000 715
198.0000 674
198.5000 705
199.0000 728
199.5000 712
