0.0000 1
0.5000 0
1.0000 0
1.5000 0
2.0000 0
2.5000 0
3.0000 1
3.5000 0
4.0000 0
4.5000 0
5.0000 0
5.5000 0
6.0000 1
6.5000 0
7.0000 0
7.5000 0
8.0000 0
8.5000 0
9.0000 0
9.5000 0
10.0000 0
10.5000 0
11.0000 0
11.5000 0
12.0000 0
12.5000 0
13.0000 0
13.5000 0
14.0000 1
14.5000 0
15.0000 0
15.5000 0
16.0000 1
16.5000 0
17.0000 0
17.5000 0
18.0000 0
18.5000 0
19.0000 0
19.5000 1
20.0000 0
20.5000 0
21.0000 0
21.5000 0
22.0000 0
22.5000 0
23.0000 0
23.5000 0
24.0000 0
24.5000 0
25.0000 0
25.5000 0
26.0000 0
26.5000 0
27.0000 0
27.5000 0
28.0000 0
28.5000 0
29.0000 1
29.5000 0
30.0000 0
30.5000 0
31.0000 0
31.5000 0
32.0000 0
32.5000 0
33.0000 0
33.5000 0
34.0000 0
34.5000 0
35.0000 0
35.5000 0
36.0000 0
36.5000 1
37.0000 1
37.5000 1
38.0000 0
38.5000 0
39.0000 0
39.5000 0
40.0000 0
40.5000 0
41.0000 1
41.5000 1
42.0000 0
42.5000 0
43.0000 1
43.5000 0
44.0000 0
44.5000 0
45.0000 0
45.5000 1
46.0000 0
46.5000 0
47.0000 0
47.5000 0
48.0000 0
48.5000 0
49.0000 0
49.5000 0
50.0000 0
50.5000 0
51.0000 0
51.5000 0
52.0000 0
52.5000 0
53.0000 1
53.5000 1
54.0000 0
54.5000 0
55.0000 1
55.5000 1
56.0000 1
56.5000 3
57.0000 0
57.5000 5
58.0000 4
58.5000 2
59.0000 2
59.5000 4
60.0000 8
60.5000 4
61.0000 4
61.5000 8
62.0000 7
62.5000 8
63.0000 8
63.5000 9
64.0000 14
64.5000 19
65.0000 18
65.5000 27
66.0000 27
66.5000 29
67.0000 37
67.5000 42
68.0000 47
68.5000 44
69.0000 80
69.5000 87
70.0000 93
70.5000 104
71.0000 85
71.5000 125
72.0000 147
72.5000 167
73.0000 178
73.5000 169
74.0000 234
74.5000 232
75.0000 265
75.5000 273
76.0000 287
76.5000 319
77.0000 352
77.5000 335
78.0000 405
78.5000 416
79.0000 441
79.5000 461
80.0000 492
80.5000 496
81.0000 512
81.5000 512
82.0000 554
82.5000 589
83.0000 602
83.5000 606
84.0000 660
84.5000 650
85.0000 685
85.5000 703
86.0000 688
86.5000 734
87.0000 718
87.5000 804
88.0000 843
88.5000 834
89.0000 809
89.5000 831
90.0000 881
90.5000 842
91.0000 934
91.5000 839
92.0000 893
92.5000 912
93.0000 921
93.5000 940
94.0000 1004
94.5000 922
95.0000 971
95.5000 1013
96.0000 1003
96.5000 1013
97.0000 1014
97.5000 1015
98.0000 1050
98.5000 1009
99.0000 1019
99.5000 1033
100.0000 1071
100.5000 1084
101.0000 1035
101.5000 1018
102.0000 1083
102.5000 1162
103.0000 1086
103.5000 1022
104.0000 1080
104.5000 1072
105.0000 1109
105.5000 1089
106.0000 1073
106.5000 1020
107.0000 1140
107.5000 1028
108.0000 1049
108.5000 1070
109.0000 1076
109.5000 1030
110.0000 1117
110.5000 1029
111.0000 1095
111.5000 1013
112.0000 1079
112.5000 1042
113.0000 1058
113.5000 1083
114.0000 1012
114.5000 1030
115.0000 1112
115.5000 1104
116.0000 1063
116.5000 1082
117.0000 1066
117.5000 1095
118.0000 1042
118.5000 1048
119.0000 1050
119.5000 1053
120.0000 967
120.5000 1050
121.0000 1002
121.5000 1022
122.0000 1062
122.5000 1041
123.0000 1018
123.5000 1041
124.0000 1040
124.5000 1012
125.0000 1022
125.5000 964
126.0000 1045
126.5000 963
127.0000 1028
127.5000 1046
128.0000 986
128.5000 1052
129.0000 990
129.5000 1037
130.0000 1093
130.5000 995
131.0000 1027
131.5000 1016
132.0000 1085
132.5000 1047
133.0000 993
133.5000 1018
134.0000 996
134.5000 1025
135.0000 992
135.5000 984
136.0000 971
136.5000 1001
137.0000 941
137.5000 1018
138.0000 1009
138.5000 1043
139.0000 1044
139.5000 1002
140.0000 969
140.5000 1023
141.0000 1011
141.5000 1056
142.0000 983
142.5000 1006
143.0000 1027
143.5000 1001
144.0000 1035
144.5000 995
145.0000 1013
145.5000 965
146.0000 913
146.5000 1014
147.0000 968
147.5000 1027
148.0000 1019
148.5000 1011
149.0000 996
149.5000 972
150.0000 974
150.5000 1004
151.0000 987
151.5000 940
152.0000 1007
152.5000 955
153.0000 1024
153.5000 988
154.0000 968
154.5000 953
155.0000 1005
155.5000 1009
156.0000 1022
156.5000 959
157.0000 1016
157.5000 976
158.0000 1017
158.5000 976
159.0000 1020
159.5000 1034
160.0000 961
160.5000 968
161.0000 1011
161.5000 947
162.0000 1021
162.5000 996
163.0000 982
163.5000 936
164.0000 1009
164.5000 1014
165.0000 1001
165.5000 1046
166.0000 950
166.5000 993
167.0000 1002
167.5000 1006
168.0000 1022
168.5000 1022
169.0000 975
169.5000 958
170.0000 971
170.5000 968
171.0000 986
171.5000 975
172.0000 954
172.5000 972
173.0000 1024
173.5000 940
174.0000 977
174.5000 1016
175.0000 1009
175.5000 968
176.0000 978
176.5000 947
177.0000 981
177.5000 997
178.0000 963
178.5000 974
179.0000 944
179.5000 934
180.0000 964
180.5000 968
181.0000 968
181.5000 1011
182.0000 1026
182.5000 979
183.0000 963
183.5000 950
184.0000 979
184.5000 932
185.0000 972
185.5000 982
186.0000 995
186.5000 940
187.0000 966
187.5000 1014
188.0000 960
188.5000 994
189.0000 957
189.5000 992
190.0000 974
190.5000 1006
191.0000 969
191.5000 931
192.0000 951
192.5000 957
193.0000 948
193.5000 985
194.0000 956
194.5000 953
195.0000 992
195.5000 975
196.0000 925
196.5000 991
197.0000 1015
197.5000 1008
198.0000 973
198.5000 932
199.0000 943
199.5000 964
