0.0000 0
0.5000 1
1.0000 0
1.5000 0
2.0000 0
2.5000 0
3.0000 1
3.5000 0
4.0000 0
4.5000 0
5.0000 0
5.5000 0
6.0000 0
6.5000 0
7.0000 0
7.5000 0
8.0000 1
8.5000 0
9.0000 0
9.5000 1
10.0000 0
10.5000 0
11.0000 0
11.5000 0
12.0000 0
12.5000 0
13.0000 0
13.5000 1
14.0000 0
14.5000 0
15.0000 0
15.5000 0
16.0000 1
16.5000 1
17.0000 0
17.5000 0
18.0000 0
18.5000 0
19.0000 0
19.5000 0
20.0000 1
20.5000 1
21.0000 0
21.5000 0
22.0000 0
22.5000 1
23.0000 0
23.5000 0
24.0000 0
24.5000 1
25.0000 1
25.5000 2
26.0000 0
26.5000 0
27.0000 1
27.5000 0
28.0000 0
28.5000 0
29.0000 0
29.5000 0
30.0000 0
30.5000 0
31.0000 0
31.5000 1
32.0000 0
32.5000 0
33.0000 1
33.5000 1
34.0000 0
34.5000 1
35.0000 0
35.5000 2
36.0000 1
36.5000 0
37.0000 0
37.5000 1
38.0000 0
38.5000 0
39.0000 0
39.5000 0
40.0000 1
40.5000 0
41.0000 0
41.5000 1
42.0000 0
42.5000 0
43.0000 1
43.5000 2
44.0000 1
44.5000 0
45.0000 0
45.5000 0
46.0000 0
46.5000 1
47.0000 0
47.5000 1
48.0000 0
48.5000 0
49.0000 1
49.5000 0
50.0000 0
50.5000 0
51.0000 0
51.5000 0
52.0000 0
52.5000 1
53.0000 0
53.5000 1
54.0000 0
54.5000 1
55.0000 1
55.5000 2
56.0000 1
56.5000 0
57.0000 2
57.5000 0
58.0000 3
58.5000 2
59.0000 1
59.5000 3
60.0000 8
60.5000 4
61.0000 9
61.5000 9
62.0000 11
62.5000 11
63.0000 18
63.5000 19
64.0000 19
64.5000 24
65.0000 26
65.5000 35
66.0000 36
66.5000 36
67.0000 52
67.5000 55
68.0000 77
68.5000 82
69.0000 89
69.5000 136
70.0000 136
70.5000 162
71.0000 188
71.5000 215
72.0000 244
72.5000 291
73.0000 335
73.5000 358
74.0000 423
74.5000 480
75.0000 516
75.5000 535
76.0000 614
76.5000 663
77.0000 718
77.5000 850
78.0000 884
78.5000 880
79.0000 976
79.5000 1054
80.0000 1052
80.5000 1128
81.0000 1187
81.5000 1236
82.0000 1256
82.5000 1352
83.0000 1419
83.5000 1445
84.0000 1570
84.5000 1575
85.0000 1543
85.5000 1690
86.0000 1662
86.5000 1743
87.0000 1726
87.5000 1906
88.0000 1918
88.5000 1933
89.0000 2024
89.5000 2014
90.0000 2060
90.5000 2034
91.0000 2135
91.5000 2245
92.0000 2196
92.5000 2189
93.0000 2306
93.5000 2238
94.0000 2222
94.5000 2347
95.0000 2359
95.5000 2328
96.0000 2369
96.5000 2400
97.0000 2398
97.5000 2473
98.0000 2484
98.5000 2456
99.0000 2444
99.5000 2555
100.0000 2517
100.5000 2505
101.0000 2594
101.5000 2496
102.0000 2535
102.5000 2651
103.0000 2615
103.5000 2513
104.0000 2530
104.5000 2459
105.0000 2506
105.5000 2492
106.0000 2479
106.5000 2417
107.0000 2480
107.5000 2419
108.0000 2562
108.5000 2390
109.0000 2444
109.5000 2405
110.0000 2478
110.5000 2425
111.0000 2482
111.5000 2419
112.0000 2401
112.5000 2372
113.0000 2425
113.5000 2410
114.0000 2386
114.5000 2459
115.0000 2347
115.5000 2374
116.0000 2373
116.5000 2309
117.0000 2377
117.5000 2383
118.0000 2358
118.5000 2303
119.0000 2346
119.5000 2349
120.0000 2319
120.5000 2393
121.0000 2269
121.5000 2282
122.0000 2230
122.5000 2279
123.0000 2327
123.5000 2333
124.0000 2346
124.5000 2346
125.0000 2297
125.5000 2311
126.0000 2298
126.5000 2295
127.0000 2314
127.5000 2267
128.0000 2337
128.5000 2289
129.0000 2220
129.5000 2253
130.0000 2228
130.5000 2257
131.0000 2312
131.5000 2188
132.0000 2225
132.5000 2258
133.0000 2242
133.5000 2258
134.0000 2252
134.5000 2244
135.0000 2224
135.5000 2222
136.0000 2249
136.5000 2272
137.0000 2301
137.5000 2241
138.0000 2288
138.5000 2311
139.0000 2327
139.5000 2257
140.0000 2316
140.5000 2264
141.0000 2400
141.5000 2275
142.0000 2252
142.5000 2204
143.0000 2225
143.5000 2202
144.0000 2267
144.5000 2207
145.0000 2346
145.5000 2264
146.0000 2124
146.5000 2215
147.0000 2122
147.5000 2196
148.0000 2213
148.5000 2153
149.0000 2132
149.5000 2193
150.0000 2317
150.5000 2133
151.0000 2146
151.5000 2158
152.0000 2133
152.5000 2194
153.0000 2149
153.5000 2145
154.0000 2187
154.5000 2212
155.0000 2162
155.5000 2155
156.0000 2261
156.5000 2208
157.0000 2152
157.5000 2192
158.0000 2234
158.5000 2198
159.0000 2193
159.5000 2176
160.0000 2191
160.5000 2226
161.0000 2230
161.5000 2157
162.0000 2101
162.5000 2175
163.0000 2120
163.5000 2223
164.0000 2113
164.5000 2190
165.0000 2113
165.5000 2170
166.0000 2103
166.5000 2194
167.0000 2276
167.5000 2202
168.0000 2230
168.5000 2179
169.0000 2172
169.5000 2193
170.0000 2169
170.5000 2116
171.0000 2133
171.5000 2170
172.0000 2285
172.5000 2141
173.0000 2093
173.5000 2167
174.0000 2147
174.5000 2148
175.0000 2152
175.5000 2159
176.0000 2177
176.5000 2176
177.0000 2093
177.5000 2184
178.0000 2166
178.5000 2260
179.0000 2094
179.5000 2115
180.0000 2109
180.5000 2201
181.0000 2159
181.5000 2217
182.0000 2072
182.5000 2156
183.0000 2121
183.5000 2152
184.0000 2172
184.5000 2185
185.0000 2042
185.5000 2147
186.0000 2121
186.5000 2060
187.0000 2218
187.5000 2177
188.0000 2078
188.5000 2157
189.0000 2207
189.5000 2135
190.0000 2088
190.5000 2058
191.0000 2149
191.5000 2028
192.0000 2077
192.5000 2046
193.0000 2094
193.5000 2151
194.0000 1995
194.5000 2136
195.0000 2127
195.5000 2112
196.0000 2060
196.5000 2175
197.0000 2123
197.5000 2094
198.0000 2178
198.5000 2123
199.0000 2151
199.5000 2087
