0.0000 0
0.5000 0
1.0000 2
1.5000 0
2.0000 0
2.5000 0
3.0000 0
3.5000 0
4.0000 0
4.5000 0
5.0000 0
5.5000 0
6.0000 0
6.5000 0
7.0000 0
7.5000 0
8.0000 0
8.5000 1
9.0000 0
9.5000 0
10.0000 0
10.5000 0
11.0000 1
11.5000 0
12.0000 0
12.5000 0
13.0000 1
13.5000 0
14.0000 0
14.5000 0
15.0000 0
15.5000 0
16.0000 0
16.5000 0
17.0000 1
17.5000 0
18.0000 0
18.5000 0
19.0000 0
19.5000 0
20.0000 0
20.5000 1
21.0000 0
21.5000 0
22.0000 1
22.5000 0
23.0000 0
23.5000 0
24.0000 2
24.5000 2
25.0000 0
25.5000 1
26.0000 0
26.5000 0
27.0000 2
27.5000 0
28.0000 0
28.5000 0
29.0000 0
29.5000 0
30.0000 0
30.5000 0
31.0000 0
31.5000 0
32.0000 0
32.5000 0
33.0000 0
33.5000 0
34.0000 0
34.5000 0
35.0000 0
35.5000 1
36.0000 0
36.5000 0
37.0000 0
37.5000 0
38.0000 0
38.5000 2
39.0000 0
39.5000 0
40.0000 0
40.5000 0
41.0000 1
41.5000 0
42.0000 0
42.5000 0
43.0000 1
43.5000 1
44.0000 0
44.5000 0
45.0000 0
45.5000 0
46.0000 0
46.5000 0
47.0000 1
47.5000 0
48.0000 0
48.5000 0
49.0000 0
49.5000 0
50.0000 0
50.5000 1
51.0000 0
51.5000 0
52.0000 0
52.5000 0
53.0000 0
53.5000 1
54.0000 0
54.5000 3
55.0000 1
55.5000 1
56.0000 1
56.5000 4
57.0000 1
57.5000 1
58.0000 6
58.5000 1
59.0000 4
59.5000 3
60.0000 4
60.5000 3
61.0000 9
61.5000 13
62.0000 14
62.5000 15
63.0000 12
63.5000 16
64.0000 18
64.5000 29
65.0000 36
65.5000 37
66.0000 44
66.5000 57
67.0000 72
67.5000 80
68.0000 83
68.5000 98
69.0000 125
69.5000 131
70.0000 187
70.5000 172
71.0000 228
71.5000 238
72.0000 338
72.5000 337
73.0000 394
73.5000 424
74.0000 495
74.5000 512
75.0000 606
75.5000 666
76.0000 735
76.5000 771
77.0000 810
77.5000 929
78.0000 971
78.5000 1073
79.0000 1092
79.5000 1201
80.0000 1272
80.5000 1317
81.0000 1438
81.5000 1459
82.0000 1507
82.5000 1594
83.0000 1614
83.5000 1722
84.0000 1733
84.5000 1772
85.0000 1816
85.5000 1902
86.0000 1928
86.5000 2007
87.0000 2021
87.5000 2145
88.0000 2075
88.5000 2127
89.0000 2211
89.5000 2292
90.0000 2266
90.5000 2402
91.0000 2413
91.5000 2399
92.0000 2468
92.5000 2588
93.0000 2577
93.5000 2546
94.0000 2609
94.5000 2640
95.0000 2664
95.5000 2775
96.0000 2705
96.5000 2687
97.0000 2793
97.5000 2727
98.0000 2800
98.5000 2751
99.0000 2723
99.5000 2812
100.0000 2828
100.5000 2921
101.0000 2835
101.5000 2829
102.0000 2888
102.5000 2824
103.0000 2893
103.5000 2797
104.0000 2783
104.5000 2768
105.0000 2710
105.5000 2770
106.0000 2668
106.5000 2830
107.0000 2711
107.5000 2746
108.0000 2712
108.5000 2721
109.0000 2749
109.5000 2708
110.0000 2732
110.5000 2685
111.0000 2686
111.5000 2598
112.0000 2670
112.5000 2639
113.0000 2637
113.5000 2699
114.0000 2717
114.5000 2650
115.0000 2650
115.5000 2629
116.0000 2646
116.5000 2546
117.0000 2615
117.5000 2628
118.0000 2578
118.5000 2583
119.0000 2572
119.5000 2638
120.0000 2509
120.5000 2631
121.0000 2622
121.5000 2592
122.0000 2549
122.5000 2513
123.0000 2658
123.5000 2538
124.0000 2528
124.5000 2603
125.0000 2478
125.5000 2558
126.0000 2668
126.5000 2545
127.0000 2550
127.5000 2567
128.0000 2525
128.5000 2452
129.0000 2490
129.5000 2471
130.0000 2481
130.5000 2533
131.0000 2593
131.5000 2573
132.0000 2470
132.5000 2525
133.0000 2556
133.5000 2556
134.0000 2577
134.5000 2461
135.0000 2449
135.5000 2522
136.0000 2499
136.5000 2496
137.0000 2503
137.5000 2545
138.0000 2527
138.5000 2525
139.0000 2461
139.5000 2531
140.0000 2545
140.5000 2359
141.0000 2437
141.5000 2379
142.0000 2550
142.5000 2528
143.0000 2524
143.5000 2439
144.0000 2493
144.5000 2468
145.0000 2437
145.5000 2431
146.0000 2444
146.5000 2483
147.0000 2463
147.5000 2476
148.0000 2496
148.5000 2412
149.0000 2406
149.5000 2425
150.0000 2444
150.5000 2364
151.0000 2370
151.5000 2433
152.0000 2455
152.5000 2479
153.0000 2479
153.5000 2415
154.0000 2455
154.5000 2468
155.0000 2465
155.5000 2355
156.0000 2417
156.5000 2399
157.0000 2379
157.5000 2290
158.0000 2421
158.5000 2367
159.0000 2372
159.5000 2418
160.0000 2365
160.5000 2419
161.0000 2398
161.5000 2528
162.0000 2500
162.5000 2469
163.0000 2417
163.5000 2452
164.0000 2333
164.5000 2426
165.0000 2351
165.5000 2406
166.0000 2409
166.5000 2380
167.0000 2371
167.5000 2352
168.0000 2348
168.5000 2269
169.0000 2418
169.5000 2395
170.0000 2344
170.5000 2396
171.0000 2373
171.5000 2327
172.0000 2416
172.5000 2406
173.0000 2318
173.5000 2391
174.0000 2396
174.5000 2306
175.0000 2362
175.5000 2406
176.0000 2350
176.5000 2414
177.0000 2334
177.5000 2315
178.0000 2315
178.5000 2399
179.0000 2388
179.5000 2381
180.0000 2423
180.5000 2366
181.0000 2323
181.5000 2394
182.0000 2323
182.5000 2350
183.0000 2436
183.5000 2349
184.0000 2347
184.5000 2296
185.0000 2354
185.5000 2368
186.0000 2420
186.5000 2323
187.0000 2358
187.5000 2330
188.0000 2369
188.5000 2329
189.0000 2434
189.5000 2346
190.0000 2302
190.5000 2291
191.0000 2318
191.5000 2364
192.0000 2313
192.5000 2325
193.0000 2330
193.5000 2385
194.0000 2374
194.5000 2251
195.0000 2324
195.5000 2347
196.0000 2397
196.5000 2326
197.0000 2364
197.5000 2318
198.0000 2241
198.5000 2335
199.0000 2325
199.5000 2265
