0.0000 0
0.5000 0
1.0000 0
1.5000 0
2.0000 0
2.5000 0
3.0000 0
3.5000 0
4.0000 0
4.5000 0
5.0000 0
5.5000 0
6.0000 0
6.5000 0
7.0000 0
7.5000 1
8.0000 0
8.5000 0
9.0000 1
9.5000 0
10.0000 2
10.5000 0
11.0000 0
11.5000 0
12.0000 0
12.5000 0
13.0000 0
13.5000 0
14.0000 0
14.5000 1
15.0000 0
15.5000 0
16.0000 1
16.5000 0
17.0000 0
17.5000 0
18.0000 0
18.5000 0
19.0000 0
19.5000 0
20.0000 0
20.5000 0
21.0000 0
21.5000 0
22.0000 0
22.5000 0
23.0000 0
23.5000 0
24.0000 1
24.5000 0
25.0000 0
25.5000 0
26.0000 0
26.5000 0
27.0000 0
27.5000 0
28.0000 0
28.5000 0
29.0000 1
29.5000 0
30.0000 0
30.5000 0
31.0000 0
31.5000 0
32.0000 1
32.5000 1
33.0000 0
33.5000 0
34.0000 0
34.5000 1
35.0000 0
35.5000 0
36.0000 0
36.5000 0
37.0000 0
37.5000 1
38.0000 2
38.5000 0
39.0000 0
39.5000 0
40.0000 0
40.5000 0
41.0000 0
41.5000 0
42.0000 0
42.5000 0
43.0000 0
43.5000 0
44.0000 0
44.5000 0
45.0000 2
45.5000 0
46.0000 0
46.5000 0
47.0000 0
47.5000 2
48.0000 1
48.5000 0
49.0000 0
49.5000 1
50.0000 0
50.5000 0
51.0000 1
51.5000 1
52.0000 1
52.5000 1
53.0000 1
53.5000 1
54.0000 1
54.5000 1
55.0000 1
55.5000 3
56.0000 4
56.5000 3
57.0000 5
57.5000 3
58.0000 9
58.5000 5
59.0000 4
59.5000 12
60.0000 8
60.5000 7
61.0000 10
61.5000 20
62.0000 16
62.5000 19
63.0000 32
63.5000 25
64.0000 34
64.5000 33
65.0000 47
65.5000 62
66.0000 75
66.5000 82
67.0000 100
67.5000 98
68.0000 111
68.5000 156
69.0000 174
69.5000 193
70.0000 223
70.5000 244
71.0000 299
71.5000 327
72.0000 362
72.5000 445
73.0000 487
73.5000 567
74.0000 640
74.5000 756
75.0000 814
75.5000 851
76.0000 933
76.5000 996
77.0000 1126
77.5000 1202
78.0000 1232
78.5000 1296
79.0000 1355
79.5000 1488
80.0000 1437
80.5000 1562
81.0000 1603
81.5000 1718
82.0000 1803
82.5000 1886
83.0000 1889
83.5000 1977
84.0000 1988
84.5000 2133
85.0000 2110
85.5000 2243
86.0000 2324
86.5000 2281
87.0000 2392
87.5000 2349
88.0000 2498
88.5000 2481
89.0000 2649
89.5000 2646
90.0000 2667
90.5000 2706
91.0000 2824
91.5000 2904
92.0000 2917
92.5000 2951
93.0000 3006
93.5000 2995
94.0000 2930
94.5000 3071
95.0000 3032
95.5000 3167
96.0000 3202
96.5000 3285
97.0000 3134
97.5000 3272
98.0000 3281
98.5000 3237
99.0000 3328
99.5000 3270
100.0000 3210
100.5000 3278
101.0000 3225
101.5000 3158
102.0000 3354
102.5000 3122
103.0000 3196
103.5000 3194
104.0000 3207
104.5000 3202
105.0000 3270
105.5000 3155
106.0000 3239
106.5000 3044
107.0000 3125
107.5000 3057
108.0000 3064
108.5000 3184
109.0000 3144
109.5000 3029
110.0000 3003
110.5000 3041
111.0000 3145
111.5000 3073
112.0000 3021
112.5000 2966
113.0000 2982
113.5000 3003
114.0000 2992
114.5000 3003
115.0000 3014
115.5000 2932
116.0000 2955
116.5000 2862
117.0000 2982
117.5000 2981
118.0000 3089
118.5000 2970
119.0000 2911
119.5000 3029
120.0000 3023
120.5000 2905
121.0000 2969
121.5000 2918
122.0000 3020
122.5000 2973
123.0000 2953
123.5000 2911
124.0000 2891
124.5000 2819
125.0000 2916
125.5000 2835
126.0000 2906
126.5000 2876
127.0000 2819
127.5000 2904
128.0000 2841
128.5000 2837
129.0000 2865
129.5000 2880
130.0000 2852
130.5000 2806
131.0000 2884
131.5000 2928
132.0000 2782
132.5000 2798
133.0000 2843
133.5000 2868
134.0000 2852
134.5000 2879
135.0000 2842
135.5000 2845
136.0000 2873
136.5000 2918
137.0000 2868
137.5000 2722
138.0000 2833
138.5000 2854
139.0000 2722
139.5000 2777
140.0000 2808
140.5000 2776
141.0000 2818
141.5000 2857
142.0000 2843
142.5000 2763
143.0000 2785
143.5000 2807
144.0000 2799
144.5000 2822
145.0000 2842
145.5000 2756
146.0000 2757
146.5000 2746
147.0000 2726
147.5000 2814
148.0000 2718
148.5000 2829
149.0000 2878
149.5000 2796
150.0000 2749
150.5000 2704
151.0000 2822
151.5000 2736
152.0000 2804
152.5000 2763
153.0000 2679
153.5000 2752
154.0000 2739
154.5000 2679
155.0000 2725
155.5000 2707
156.0000 2822
156.5000 2825
157.0000 2866
157.5000 2749
158.0000 2757
158.5000 2634
159.0000 2720
159.5000 2782
160.0000 2795
160.5000 2767
161.0000 2738
161.5000 2784
162.0000 2789
162.5000 2666
163.0000 2757
163.5000 2734
164.0000 2759
164.5000 2738
165.0000 2786
165.5000 2737
166.0000 2704
166.5000 2866
167.0000 2684
167.5000 2684
168.0000 2759
168.5000 2722
169.0000 2767
169.5000 2708
170.0000 2678
170.5000 2664
171.0000 2632
171.5000 2665
172.0000 2664
172.5000 2687
173.0000 2720
173.5000 2723
174.0000 2716
174.5000 2727
175.0000 2738
175.5000 2594
176.0000 2682
176.5000 2650
177.0000 2682
177.5000 2706
178.0000 2732
178.5000 2688
179.0000 2676
179.5000 2644
180.0000 2639
180.5000 2715
181.0000 2658
181.5000 2633
182.0000 2686
182.5000 2657
183.0000 2702
183.5000 2606
184.0000 2678
184.5000 2637
185.0000 2583
185.5000 2632
186.0000 2694
186.5000 2600
187.0000 2746
187.5000 2652
188.0000 2627
188.5000 2723
189.0000 2703
189.5000 2672
190.0000 2684
190.5000 2634
191.0000 2684
191.5000 2647
192.0000 2658
192.5000 2643
193.0000 2640
193.5000 2577
194.0000 2626
194.5000 2623
195.0000 2596
195.5000 2691
196.0000 2622
196.5000 2692
197.0000 2685
197.5000 2618
198.0000 2627
198.5000 2624
199.0000 2633
199.5000 2689
