0.0000 0
0.5000 1
1.0000 0
1.5000 0
2.0000 0
2.5000 0
3.0000 0
3.5000 0
4.0000 0
4.5000 0
5.0000 1
5.5000 0
6.0000 1
6.5000 1
7.0000 0
7.5000 1
8.0000 0
8.5000 0
9.0000 1
9.5000 1
10.0000 0
10.5000 0
11.0000 0
11.5000 0
12.0000 1
12.5000 0
13.0000 1
13.5000 0
14.0000 0
14.5000 0
15.0000 1
15.5000 0
16.0000 1
16.5000 2
17.0000 0
17.5000 0
18.0000 1
18.5000 0
19.0000 0
19.5000 1
20.0000 0
20.5000 0
21.0000 0
21.5000 0
22.0000 1
22.5000 0
23.0000 0
23.5000 0
24.0000 1
24.5000 2
25.0000 2
25.5000 3
26.0000 2
26.5000 0
27.0000 0
27.5000 0
28.0000 0
28.5000 0
29.0000 0
29.5000 0
30.0000 0
30.5000 0
31.0000 0
31.5000 0
32.0000 0
32.5000 0
33.0000 0
33.5000 1
34.0000 0
34.5000 0
35.0000 0
35.5000 1
36.0000 0
36.5000 1
37.0000 1
37.5000 0
38.0000 0
38.5000 0
39.0000 1
39.5000 0
40.0000 1
40.5000 2
41.0000 0
41.5000 0
42.0000 0
42.5000 1
43.0000 0
43.5000 0
44.0000 0
44.5000 1
45.0000 0
45.5000 1
46.0000 1
46.5000 0
47.0000 0
47.5000 0
48.0000 1
48.5000 0
49.0000 1
49.5000 0
50.0000 2
50.5000 0
51.0000 0
51.5000 3
52.0000 1
52.5000 1
53.0000 0
53.5000 0
54.0000 1
54.5000 0
55.0000 2
55.5000 0
56.0000 2
56.5000 2
57.0000 2
57.5000 2
58.0000 2
58.5000 3
59.0000 5
59.5000 5
60.0000 3
60.5000 8
61.0000 9
61.5000 10
62.0000 15
62.5000 13
63.0000 17
63.5000 11
64.0000 15
64.5000 22
65.0000 19
65.5000 28
66.0000 35
66.5000 41
67.0000 55
67.5000 59
68.0000 67
68.5000 51
69.0000 82
69.5000 114
70.0000 124
70.5000 128
71.0000 154
71.5000 169
72.0000 174
72.5000 183
73.0000 220
73.5000 255
74.0000 309
74.5000 309
75.0000 356
75.5000 369
76.0000 408
76.5000 436
77.0000 510
77.5000 525
78.0000 536
78.5000 610
79.0000 582
79.5000 677
80.0000 654
80.5000 714
81.0000 740
81.5000 781
82.0000 758
82.5000 796
83.0000 841
83.5000 938
84.0000 933
84.5000 943
85.0000 1033
85.5000 953
86.0000 1004
86.5000 1080
87.0000 1101
87.5000 1098
88.0000 1163
88.5000 1145
89.0000 1171
89.5000 1197
90.0000 1247
90.5000 1265
91.0000 1264
91.5000 1321
92.0000 1323
92.5000 1385
93.0000 1321
93.5000 1429
94.0000 1398
94.5000 1413
95.0000 1494
95.5000 1434
96.0000 1492
96.5000 1398
97.0000 1522
97.5000 1491
98.0000 1501
98.5000 1508
99.0000 1519
99.5000 1516
100.0000 1576
100.5000 1576
101.0000 1498
101.5000 1509
102.0000 1548
102.5000 1506
103.0000 1562
103.5000 1530
104.0000 1554
104.5000 1596
105.0000 1484
105.5000 1494
106.0000 1492
106.5000 1477
107.0000 1481
107.5000 1496
108.0000 1558
108.5000 1531
109.0000 1546
109.5000 1493
110.0000 1460
110.5000 1439
111.0000 1523
111.5000 1426
112.0000 1478
112.5000 1443
113.0000 1431
113.5000 1473
114.0000 1395
114.5000 1476
115.0000 1443
115.5000 1425
116.0000 1456
116.5000 1489
117.0000 1466
117.5000 1487
118.0000 1441
118.5000 1428
119.0000 1457
119.5000 1412
120.0000 1443
120.5000 1432
121.0000 1467
121.5000 1417
122.0000 1383
122.5000 1405
123.0000 1495
123.5000 1473
124.0000 1443
124.5000 1407
125.0000 1389
125.5000 1447
126.0000 1409
126.5000 1473
127.0000 1385
127.5000 1453
128.0000 1470
128.5000 1422
129.0000 1449
129.5000 1409
130.0000 1459
130.5000 1375
131.0000 1447
131.5000 1432
132.0000 1383
132.5000 1388
133.0000 1464
133.5000 1405
134.0000 1417
134.5000 1465
135.0000 1353
135.5000 1372
136.0000 1423
136.5000 1448
137.0000 1394
137.5000 1392
138.0000 1374
138.5000 1407
139.0000 1404
139.5000 1401
140.0000 1410
140.5000 1377
141.0000 1352
141.5000 1449
142.0000 1418
142.5000 1412
143.0000 1284
143.5000 1350
144.0000 1399
144.5000 1387
145.0000 1348
145.5000 1379
146.0000 1349
146.5000 1347
147.0000 1388
147.5000 1335
148.0000 1338
148.5000 1424
149.0000 1429
149.5000 1412
150.0000 1356
150.5000 1349
151.0000 1350
151.5000 1416
152.0000 1381
152.5000 1381
153.0000 1380
153.5000 1392
154.0000 1322
154.5000 1455
155.0000 1336
155.5000 1370
156.0000 1339
156.5000 1322
157.0000 1359
157.5000 1403
158.0000 1297
158.5000 1363
159.0000 1372
159.5000 1372
160.0000 1401
160.5000 1369
161.0000 1343
161.5000 1362
162.0000 1279
162.5000 1401
163.0000 1306
163.5000 1314
164.0000 1335
164.5000 1374
165.0000 1416
165.5000 1378
166.0000 1443
166.5000 1337
167.0000 1263
167.5000 1416
168.0000 1344
168.5000 1364
169.0000 1327
169.5000 1423
170.0000 1337
170.5000 1354
171.0000 1380
171.5000 1347
172.0000 1364
172.5000 1300
173.0000 1299
173.5000 1312
174.0000 1330
174.5000 1327
175.0000 1397
175.5000 1316
176.0000 1343
176.5000 1348
177.0000 1353
177.5000 1375
178.0000 1378
178.5000 1327
179.0000 1383
179.5000 1366
180.0000 1289
180.5000 1310
181.0000 1345
181.5000 1415
182.0000 1386
182.5000 1372
183.0000 1334
183.5000 1347
184.0000 1313
184.5000 1332
185.0000 1336
185.5000 1377
186.0000 1292
186.5000 1305
187.0000 1361
187.5000 1414
188.0000 1386
188.5000 1393
189.0000 1414
189.5000 1359
190.0000 1364
190.5000 1369
191.0000 1315
191.5000 1400
192.0000 1344
192.5000 1341
193.0000 1300
193.5000 1353
194.0000 1427
194.5000 1324
195.0000 1380
195.5000 1344
196.0000 1363
196.5000 1426
197.0000 1347
197.5000 1362
198.0000 1398
198.5000 1314
199.0000 1336
199.5000 1347
