0.0000 2
0.5000 1
1.0000 0
1.5000 0
2.0000 0
2.5000 0
3.0000 1
3.5000 0
4.0000 0
4.5000 0
5.0000 0
5.5000 0
6.0000 0
6.5000 0
7.0000 0
7.5000 0
8.0000 0
8.5000 0
9.0000 1
9.5000 0
10.0000 0
10.5000 0
11.0000 1
11.5000 0
12.0000 0
12.5000 0
13.0000 1
13.5000 0
14.0000 1
14.5000 0
15.0000 0
15.5000 0
16.0000 1
16.5000 0
17.0000 0
17.5000 0
18.0000 0
18.5000 0
19.0000 0
19.5000 0
20.0000 0
20.5000 0
21.0000 0
21.5000 0
22.0000 1
22.5000 2
23.0000 1
23.5000 2
24.0000 0
24.5000 0
25.0000 0
25.5000 0
26.0000 0
26.5000 0
27.0000 0
27.5000 0
28.0000 0
28.5000 0
29.0000 0
29.5000 0
30.0000 1
30.5000 0
31.0000 1
31.5000 0
32.0000 0
32.5000 0
33.0000 0
33.5000 0
34.0000 0
34.5000 0
35.0000 0
35.5000 0
36.0000 0
36.5000 0
37.0000 0
37.5000 0
38.0000 0
38.5000 0
39.0000 0
39.5000 1
40.0000 0
40.5000 0
41.0000 2
41.5000 0
42.0000 0
42.5000 0
43.0000 0
43.5000 0
44.0000 1
44.5000 0
45.0000 0
45.5000 0
46.0000 0
46.5000 0
47.0000 0
47.5000 0
48.0000 0
48.5000 1
49.0000 0
49.5000 1
50.0000 0
50.5000 0
51.0000 1
51.5000 2
52.0000 0
52.5000 1
53.0000 1
53.5000 0
54.0000 0
54.5000 2
55.0000 1
55.5000 1
56.0000 2
56.5000 2
57.0000 2
57.5000 0
58.0000 1
58.5000 1
59.0000 9
59.5000 1
60.0000 6
60.5000 5
61.0000 15
61.5000 10
62.0000 8
62.5000 12
63.0000 16
63.5000 21
64.0000 23
64.5000 24
65.0000 40
65.5000 42
66.0000 48
66.5000 67
67.0000 68
67.5000 79
68.0000 94
68.5000 97
69.0000 114
69.5000 118
70.0000 160
70.5000 160
71.0000 206
71.5000 229
72.0000 247
72.5000 258
73.0000 296
73.5000 325
74.0000 379
74.5000 404
75.0000 459
75.5000 525
76.0000 532
76.5000 602
77.0000 664
77.5000 671
78.0000 651
78.5000 740
79.0000 798
79.5000 839
80.0000 894
80.5000 870
81.0000 954
81.5000 992
82.0000 1047
82.5000 1072
83.0000 1118
83.5000 1158
84.0000 1199
84.5000 1300
85.0000 1244
85.5000 1318
86.0000 1336
86.5000 1367
87.0000 1457
87.5000 1447
88.0000 1537
88.5000 1490
89.0000 1558
89.5000 1591
90.0000 1573
90.5000 1646
91.0000 1714
91.5000 1752
92.0000 1685
92.5000 1767
93.0000 1721
93.5000 1832
94.0000 1844
94.5000 1860
95.0000 1866
95.5000 1815
96.0000 1978
96.5000 1940
97.0000 1985
97.5000 2083
98.0000 1934
98.5000 1959
99.0000 2027
99.5000 1996
100.0000 1972
100.5000 1985
101.0000 1920
101.5000 2008
102.0000 2022
102.5000 1978
103.0000 2019
103.5000 2015
104.0000 2025
104.5000 2032
105.0000 1995
105.5000 2023
106.0000 2040
106.5000 1942
107.0000 2064
107.5000 2001
108.0000 2014
108.5000 1945
109.0000 2018
109.5000 1976
110.0000 2011
110.5000 1929
111.0000 1975
111.5000 1928
112.0000 1940
112.5000 1936
113.0000 1909
113.5000 2037
114.0000 1971
114.5000 1933
115.0000 1991
115.5000 1928
116.0000 1878
116.5000 1980
117.0000 1885
117.5000 1921
118.0000 1982
118.5000 1896
119.0000 1932
119.5000 1944
120.0000 1803
120.5000 1881
121.0000 1943
121.5000 1943
122.0000 1835
122.5000 1916
123.0000 1812
123.5000 1813
124.0000 1779
124.5000 1855
125.0000 1905
125.5000 1869
126.0000 1862
126.5000 1940
127.0000 1790
127.5000 1866
128.0000 1904
128.5000 1876
129.0000 1822
129.5000 1849
130.0000 1827
130.5000 1817
131.0000 1858
131.5000 1911
132.0000 1805
132.5000 1807
133.0000 1857
133.5000 1781
134.0000 1865
134.5000 1807
135.0000 1829
135.5000 1870
136.0000 1872
136.5000 1873
137.0000 1776
137.5000 1866
138.0000 1851
138.5000 1808
139.0000 1863
139.5000 1826
140.0000 1798
140.5000 1815
141.0000 1828
141.5000 1808
142.0000 1784
142.5000 1810
143.0000 1811
143.5000 1799
144.0000 1775
144.5000 1777
145.0000 1777
145.5000 1839
146.0000 1801
146.5000 1769
147.0000 1782
147.5000 1818
148.0000 1773
148.5000 1877
149.0000 1789
149.5000 1685
150.0000 1746
150.5000 1863
151.0000 1762
151.5000 1800
152.0000 1874
152.5000 1793
153.0000 1834
153.5000 1767
154.0000 1721
154.5000 1830
155.0000 1769
155.5000 1798
156.0000 1803
156.5000 1761
157.0000 1781
157.5000 1771
158.0000 1827
158.5000 1696
159.0000 1749
159.5000 1738
160.0000 1785
160.5000 1751
161.0000 1854
161.5000 1823
162.0000 1784
162.5000 1716
163.0000 1770
163.5000 1799
164.0000 1781
164.5000 1778
165.0000 1772
165.5000 1847
166.0000 1796
166.5000 1756
167.0000 1773
167.5000 1774
168.0000 1708
168.5000 1822
169.0000 1779
169.5000 1674
170.0000 1761
170.5000 1741
171.0000 1711
171.5000 1699
172.0000 1727
172.5000 1709
173.0000 1830
173.5000 1723
174.0000 1820
174.5000 1792
175.0000 1849
175.5000 1770
176.0000 1778
176.5000 1773
177.0000 1823
177.5000 1745
178.0000 1681
178.5000 1779
179.0000 1794
179.5000 1811
180.0000 1786
180.5000 1737
181.0000 1768
181.5000 1765
182.0000 1786
182.5000 1759
183.0000 1763
183.5000 1748
184.0000 1765
184.5000 1683
185.0000 1767
185.5000 1710
186.0000 1778
186.5000 1809
187.0000 1835
187.5000 1753
188.0000 1736
188.5000 1727
189.0000 1746
189.5000 1703
190.0000 1709
190.5000 1805
191.0000 1724
191.5000 1691
192.0000 1734
192.5000 1690
193.0000 1771
193.5000 1720
194.0000 1830
194.5000 1749
195.0000 1707
195.5000 1827
196.0000 1862
196.5000 1768
197.0000 1834
197.5000 1763
198.0000 1779
198.5000 1730
199.0000 1736
199.5000 1693
