0.0000 0
0.5000 0
1.0000 1
1.5000 0
2.0000 0
2.5000 1
3.0000 0
3.5000 0
4.0000 0
4.5000 0
5.0000 0
5.5000 0
6.0000 1
6.5000 0
7.0000 0
7.5000 0
8.0000 0
8.5000 0
9.0000 0
9.5000 0
10.0000 0
10.5000 0
11.0000 0
11.5000 0
12.0000 1
12.5000 0
13.0000 1
13.5000 0
14.0000 0
14.5000 1
15.0000 0
15.5000 1
16.0000 0
16.5000 1
17.0000 0
17.5000 0
18.0000 1
18.5000 0
19.0000 0
19.5000 0
20.0000 0
20.5000 0
21.0000 0
21.5000 1
22.0000 0
22.5000 0
23.0000 0
23.5000 0
24.0000 0
24.5000 0
25.0000 0
25.5000 1
26.0000 0
26.5000 0
27.0000 0
27.5000 0
28.0000 0
28.5000 0
29.0000 0
29.5000 0
30.0000 0
30.5000 1
31.0000 0
31.5000 1
32.0000 0
32.5000 0
33.0000 0
33.5000 1
34.0000 0
34.5000 0
35.0000 0
35.5000 0
36.0000 0
36.5000 0
37.0000 0
37.5000 0
38.0000 0
38.5000 1
39.0000 0
39.5000 1
40.0000 0
40.5000 0
41.0000 1
41.5000 0
42.0000 0
42.5000 1
43.0000 0
43.5000 0
44.0000 0
44.5000 0
45.0000 0
45.5000 0
46.0000 1
46.5000 1
47.0000 0
47.5000 0
48.0000 1
48.5000 2
49.0000 0
49.5000 1
50.0000 0
50.5000 0
51.0000 0
51.5000 0
52.0000 0
52.5000 0
53.0000 1
53.5000 0
54.0000 2
54.5000 3
55.0000 0
55.5000 3
56.0000 2
56.5000 3
57.0000 4
57.5000 3
58.0000 4
58.5000 4
59.0000 4
59.5000 9
60.0000 4
60.5000 12
61.0000 9
61.5000 19
62.0000 19
62.5000 17
63.0000 23
63.5000 27
64.0000 45
64.5000 35
65.0000 56
65.5000 58
66.0000 80
66.5000 81
67.0000 92
67.5000 104
68.0000 119
68.5000 161
69.0000 139
69.5000 228
70.0000 225
70.5000 279
71.0000 323
71.5000 368
72.0000 425
72.5000 495
73.0000 576
73.5000 632
74.0000 730
74.5000 805
75.0000 868
75.5000 1008
76.0000 1039
76.5000 1171
77.0000 1220
77.5000 1337
78.0000 1402
78.5000 1564
79.0000 1519
79.5000 1681
80.0000 1834
80.5000 1968
81.0000 1944
81.5000 1958
82.0000 2148
82.5000 2174
83.0000 2313
83.5000 2323
84.0000 2489
84.5000 2626
85.0000 2562
85.5000 2634
86.0000 2819
86.5000 2756
87.0000 2838
87.5000 3041
88.0000 3059
88.5000 3116
89.0000 3212
89.5000 3228
90.0000 3240
90.5000 3316
91.0000 3359
91.5000 3465
92.0000 3521
92.5000 3616
93.0000 3568
93.5000 3588
94.0000 3679
94.5000 3722
95.0000 3824
95.5000 3849
96.0000 3806
96.5000 3955
97.0000 3815
97.5000 3843
98.0000 4061
98.5000 3916
99.0000 4075
99.5000 4009
100.0000 3928
100.5000 3936
101.0000 3824
101.5000 4095
102.0000 4077
102.5000 4019
103.0000 3888
103.5000 3954
104.0000 4028
104.5000 3909
105.0000 3971
105.5000 4074
106.0000 3877
106.5000 3927
107.0000 3867
107.5000 3824
108.0000 3788
108.5000 3901
109.0000 3833
109.5000 3746
110.0000 3883
110.5000 3735
111.0000 3728
111.5000 3815
112.0000 3767
112.5000 3686
113.0000 3784
113.5000 3779
114.0000 3699
114.5000 3778
115.0000 3724
115.5000 3584
116.0000 3704
116.5000 3625
117.0000 3570
117.5000 3666
118.0000 3614
118.5000 3631
119.0000 3631
119.5000 3706
120.0000 3560
120.5000 3682
121.0000 3602
121.5000 3669
122.0000 3681
122.5000 3637
123.0000 3545
123.5000 3570
124.0000 3549
124.5000 3610
125.0000 3487
125.5000 3537
126.0000 3611
126.5000 3537
127.0000 3577
127.5000 3572
128.0000 3511
128.5000 3469
129.0000 3617
129.5000 3543
130.0000 3452
130.5000 3531
131.0000 3582
131.5000 3509
132.0000 3557
132.5000 3568
133.0000 3474
133.5000 3399
134.0000 3485
134.5000 3467
135.0000 3425
135.5000 3413
136.0000 3381
136.5000 3417
137.0000 3429
137.5000 3507
138.0000 3451
138.5000 3425
139.0000 3517
139.5000 3322
140.0000 3393
140.5000 3391
141.0000 3507
141.5000 3351
142.0000 3372
142.5000 3466
143.0000 3494
143.5000 3418
144.0000 3394
144.5000 3371
145.0000 3386
145.5000 3433
146.0000 3425
146.5000 3383
147.0000 3353
147.5000 3419
148.0000 3445
148.5000 3417
149.0000 3374
149.5000 3445
150.0000 3460
150.5000 3389
151.0000 3423
151.5000 3344
152.0000 3257
152.5000 3318
153.0000 3312
153.5000 3389
154.0000 3425
154.5000 3330
155.0000 3240
155.5000 3267
156.0000 3339
156.5000 3476
157.0000 3255
157.5000 3280
158.0000 3302
158.5000 3415
159.0000 3348
159.5000 3320
160.0000 3194
160.5000 3340
161.0000 3206
161.5000 3241
162.0000 3284
162.5000 3210
163.0000 3370
163.5000 3244
164.0000 3253
164.5000 3254
165.0000 3165
165.5000 3165
166.0000 3276
166.5000 3301
167.0000 3295
167.5000 3208
168.0000 3361
168.5000 3309
169.0000 3258
169.5000 3262
170.0000 3295
170.5000 3247
171.0000 3314
171.5000 3234
172.0000 3316
172.5000 3267
173.0000 3238
173.5000 3224
174.0000 3292
174.5000 3178
175.0000 3238
175.5000 3189
176.0000 3236
176.5000 3209
177.0000 3210
177.5000 3246
178.0000 3190
178.5000 3298
179.0000 3218
179.5000 3191
180.0000 3234
180.5000 3144
181.0000 3283
181.5000 3183
182.0000 3210
182.5000 3176
183.0000 3269
183.5000 3208
184.0000 3202
184.5000 3257
185.0000 3245
185.5000 3214
186.0000 3213
186.5000 3235
187.0000 3167
187.5000 3258
188.0000 3151
188.5000 3199
189.0000 3220
189.5000 3288
190.0000 3239
190.5000 3216
191.0000 3144
191.5000 3152
192.0000 3232
192.5000 3134
193.0000 3170
193.5000 3106
194.0000 3252
194.5000 3127
195.0000 3223
195.5000 3202
196.0000 3151
196.5000 3076
197.0000 3116
197.5000 3204
198.0000 3121
198.5000 3171
199.0000 3143
199.5000 3118
