0.0000 1
0.5000 0
1.0000 1
1.5000 1
2.0000 0
2.5000 1
3.0000 0
3.5000 0
4.0000 0
4.5000 0
5.0000 1
5.5000 0
6.0000 1
6.5000 0
7.0000 0
7.5000 0
8.0000 0
8.5000 0
9.0000 0
9.5000 0
10.0000 0
10.5000 0
11.0000 0
11.5000 0
12.0000 0
12.5000 0
13.0000 1
13.5000 0
14.0000 0
14.5000 0
15.0000 0
15.5000 0
16.0000 0
16.5000 1
17.0000 0
17.5000 0
18.0000 1
18.5000 1
19.0000 1
19.5000 0
20.0000 1
20.5000 0
21.0000 2
21.5000 1
22.0000 0
22.5000 0
23.0000 0
23.5000 1
24.0000 0
24.5000 0
25.0000 2
25.5000 0
26.0000 1
26.5000 0
27.0000 0
27.5000 0
28.0000 0
28.5000 0
29.0000 0
29.5000 0
30.0000 1
30.5000 0
31.0000 0
31.5000 0
32.0000 1
32.5000 0
33.0000 0
33.5000 0
34.0000 0
34.5000 1
35.0000 0
35.5000 0
36.0000 0
36.5000 0
37.0000 0
37.5000 1
38.0000 0
38.5000 2
39.0000 1
39.5000 0
40.0000 1
40.5000 0
41.0000 1
41.5000 1
42.0000 0
42.5000 0
43.0000 0
43.5000 0
44.0000 0
44.5000 0
45.0000 1
45.5000 1
46.0000 0
46.5000 0
47.0000 0
47.5000 0
48.0000 0
48.5000 1
49.0000 1
49.5000 0
50.0000 0
50.5000 1
51.0000 1
51.5000 0
52.0000 1
52.5000 1
53.0000 0
53.5000 1
54.0000 0
54.5000 5
55.0000 2
55.5000 3
56.0000 2
56.5000 4
57.0000 4
57.5000 4
58.0000 9
58.5000 10
59.0000 12
59.5000 15
60.0000 14
60.5000 12
61.0000 9
61.5000 21
62.0000 22
62.5000 26
63.0000 31
63.5000 34
64.0000 50
64.5000 62
65.0000 68
65.5000 77
66.0000 94
66.5000 105
67.0000 114
67.5000 143
68.0000 189
68.5000 207
69.0000 217
69.5000 284
70.0000 322
70.5000 334
71.0000 454
71.5000 509
72.0000 564
72.5000 681
73.0000 780
73.5000 867
74.0000 977
74.5000 1039
75.0000 1195
75.5000 1212
76.0000 1329
76.5000 1515
77.0000 1611
77.5000 1694
78.0000 1810
78.5000 1919
79.0000 2054
79.5000 2093
80.0000 2212
80.5000 2301
81.0000 2362
81.5000 2512
82.0000 2636
82.5000 2757
83.0000 2767
83.5000 3026
84.0000 2892
84.5000 3177
85.0000 3174
85.5000 3350
86.0000 3406
86.5000 3406
87.0000 3519
87.5000 3635
88.0000 3620
88.5000 3716
89.0000 3796
89.5000 3795
90.0000 3893
90.5000 4025
91.0000 3992
91.5000 4070
92.0000 4153
92.5000 4226
93.0000 4130
93.5000 4421
94.0000 4375
94.5000 4414
95.0000 4449
95.5000 4459
96.0000 4485
96.5000 4592
97.0000 4638
97.5000 4653
98.0000 4658
98.5000 4781
99.0000 4633
99.5000 4687
100.0000 4681
100.5000 4637
101.0000 4722
101.5000 4775
102.0000 4679
102.5000 4749
103.0000 4754
103.5000 4699
104.0000 4697
104.5000 4612
105.0000 4637
105.5000 4632
106.0000 4596
106.5000 4606
107.0000 4467
107.5000 4357
108.0000 4473
108.5000 4516
109.0000 4349
109.5000 4339
110.0000 4390
110.5000 4500
111.0000 4440
111.5000 4508
112.0000 4440
112.5000 4354
113.0000 4495
113.5000 4424
114.0000 4384
114.5000 4214
115.0000 4259
115.5000 4240
116.0000 4208
116.5000 4333
117.0000 4288
117.5000 4231
118.0000 4207
118.5000 4205
119.0000 4193
119.5000 4168
120.0000 4205
120.5000 4294
121.0000 4124
121.5000 4250
122.0000 4130
122.5000 4156
123.0000 4170
123.5000 4016
124.0000 4126
124.5000 4103
125.0000 4226
125.5000 4058
126.0000 4091
126.5000 4050
127.0000 4245
127.5000 4154
128.0000 4110
128.5000 4016
129.0000 3987
129.5000 4141
130.0000 4140
130.5000 4041
131.0000 4057
131.5000 4026
132.0000 4046
132.5000 4046
133.0000 3965
133.5000 3961
134.0000 4064
134.5000 3953
135.0000 4019
135.5000 3991
136.0000 4020
136.5000 3959
137.0000 4021
137.5000 4072
138.0000 3905
138.5000 4006
139.0000 4022
139.5000 4043
140.0000 3899
140.5000 3941
141.0000 4007
141.5000 3916
142.0000 3849
142.5000 3927
143.0000 3909
143.5000 3980
144.0000 3954
144.5000 3875
145.0000 3884
145.5000 3938
146.0000 3959
146.5000 3936
147.0000 3967
147.5000 3920
148.0000 3845
148.5000 3765
149.0000 3838
149.5000 3859
150.0000 3899
150.5000 3883
151.0000 3836
151.5000 3820
152.0000 3915
152.5000 3785
153.0000 3902
153.5000 3965
154.0000 3801
154.5000 3896
155.0000 3785
155.5000 3850
156.0000 3907
156.5000 3872
157.0000 3829
157.5000 3836
158.0000 3786
158.5000 3861
159.0000 3851
159.5000 3861
160.0000 3842
160.5000 3757
161.0000 3855
161.5000 3742
162.0000 3731
162.5000 3700
163.0000 3816
163.5000 3785
164.0000 3777
164.5000 3810
165.0000 3756
165.5000 3763
166.0000 3857
166.5000 3835
167.0000 3819
167.5000 3761
168.0000 3674
168.5000 3766
169.0000 3773
169.5000 3716
170.0000 3737
170.5000 3751
171.0000 3836
171.5000 3810
172.0000 3648
172.5000 3748
173.0000 3809
173.5000 3694
174.0000 3809
174.5000 3779
175.0000 3733
175.5000 3751
176.0000 3716
176.5000 3727
177.0000 3640
177.5000 3702
178.0000 3621
178.5000 3663
179.0000 3754
179.5000 3698
180.0000 3769
180.5000 3732
181.0000 3675
181.5000 3704
182.0000 3727
182.5000 3635
183.0000 3671
183.5000 3724
184.0000 3753
184.5000 3678
185.0000 3719
185.5000 3721
186.0000 3698
186.5000 3636
187.0000 3674
187.5000 3603
188.0000 3628
188.5000 3723
189.0000 3642
189.5000 3601
190.0000 3678
190.5000 3577
191.0000 3787
191.5000 3622
192.0000 3740
192.5000 3756
193.0000 3630
193.5000 3616
194.0000 3688
194.5000 3633
195.0000 3640
195.5000 3719
196.0000 3554
196.5000 3602
197.0000 3563
197.5000 3638
198.0000 3571
198.5000 3686
199.0000 3688
199.5000 3626
