0.0000 0
0.5000 0
1.0000 0
1.5000 0
2.0000 0
2.5000 1
3.0000 0
3.5000 0
4.0000 1
4.5000 0
5.0000 0
5.5000 0
6.0000 0
6.5000 1
7.0000 0
7.5000 1
8.0000 1
8.5000 0
9.0000 0
9.5000 0
10.0000 1
10.5000 0
11.0000 1
11.5000 0
12.0000 0
12.5000 0
13.0000 1
13.5000 0
14.0000 0
14.5000 0
15.0000 0
15.5000 0
16.0000 0
16.5000 1
17.0000 1
17.5000 0
18.0000 0
18.5000 1
19.0000 0
19.5000 0
20.0000 1
20.5000 0
21.0000 0
21.5000 0
22.0000 1
22.5000 0
23.0000 1
23.5000 0
24.0000 1
24.5000 0
25.0000 0
25.5000 1
26.0000 0
26.5000 1
27.0000 0
27.5000 0
28.0000 0
28.5000 0
29.0000 0
29.5000 0
30.0000 1
30.5000 1
31.0000 0
31.5000 1
32.0000 0
32.5000 0
33.0000 0
33.5000 0
34.0000 1
34.5000 1
35.0000 0
35.5000 1
36.0000 1
36.5000 0
37.0000 0
37.5000 0
38.0000 0
38.5000 0
39.0000 0
39.5000 0
40.0000 1
40.5000 0
41.0000 0
41.5000 0
42.0000 0
42.5000 1
43.0000 0
43.5000 1
44.0000 0
44.5000 0
45.0000 0
45.5000 0
46.0000 1
46.5000 0
47.0000 1
47.5000 1
48.0000 0
48.5000 0
49.0000 1
49.5000 1
50.0000 2
50.5000 0
51.0000 2
51.5000 1
52.0000 0
52.5000 0
53.0000 0
53.5000 1
54.0000 1
54.5000 2
55.0000 2
55.5000 3
56.0000 1
56.5000 1
57.0000 8
57.5000 6
58.0000 8
58.5000 8
59.0000 4
59.5000 13
60.0000 12
60.5000 9
61.0000 22
61.5000 17
62.0000 25
62.5000 23
63.0000 23
63.5000 29
64.0000 37
64.5000 43
65.0000 52
65.5000 61
66.0000 79
66.5000 95
67.0000 115
67.5000 121
68.0000 143
68.5000 158
69.0000 191
69.5000 195
70.0000 228
70.5000 333
71.0000 340
71.5000 423
72.0000 490
72.5000 579
73.0000 673
73.5000 684
74.0000 856
74.5000 888
75.0000 1164
75.5000 1140
76.0000 1349
76.5000 1455
77.0000 1564
77.5000 1781
78.0000 1846
78.5000 2055
79.0000 2229
79.5000 2247
80.0000 2420
80.5000 2704
81.0000 2648
81.5000 2905
82.0000 3007
82.5000 3127
83.0000 3275
83.5000 3428
84.0000 3584
84.5000 3559
85.0000 3778
85.5000 3824
86.0000 3914
86.5000 4107
87.0000 4175
87.5000 4254
88.0000 4399
88.5000 4514
89.0000 4468
89.5000 4728
90.0000 4781
90.5000 4887
91.0000 5006
91.5000 5059
92.0000 5121
92.5000 5101
93.0000 5339
93.5000 5482
94.0000 5363
94.5000 5572
95.0000 5555
95.5000 5568
96.0000 5688
96.5000 5652
97.0000 5827
97.5000 5822
98.0000 5813
98.5000 5892
99.0000 5903
99.5000 5946
100.0000 5968
100.5000 6011
101.0000 5944
101.5000 6078
102.0000 5909
102.5000 6093
103.0000 6021
103.5000 5943
104.0000 5980
104.5000 6049
105.0000 5997
105.5000 5968
106.0000 5931
106.5000 5875
107.0000 5836
107.5000 5888
108.0000 5793
108.5000 5777
109.0000 5770
109.5000 5709
110.0000 5595
110.5000 5786
111.0000 5703
111.5000 5616
112.0000 5663
112.5000 5628
113.0000 5608
113.5000 5645
114.0000 5500
114.5000 5561
115.0000 5482
115.5000 5581
116.0000 5396
116.5000 5513
117.0000 5571
117.5000 5445
118.0000 5478
118.5000 5437
119.0000 5351
119.5000 5343
120.0000 5484
120.5000 5357
121.0000 5376
121.5000 5375
122.0000 5451
122.5000 5291
123.0000 5515
123.5000 5329
124.0000 5385
124.5000 5231
125.0000 5247
125.5000 5313
126.0000 5217
126.5000 5348
127.0000 5107
127.5000 5307
128.0000 5262
128.5000 5231
129.0000 5279
129.5000 5203
130.0000 5254
130.5000 5217
131.0000 5141
131.5000 5152
132.0000 5291
132.5000 5079
133.0000 5112
133.5000 5079
134.0000 5009
134.5000 5162
135.0000 5082
135.5000 5101
136.0000 5047
136.5000 5151
137.0000 5112
137.5000 4998
138.0000 5079
138.5000 4952
139.0000 5159
139.5000 5096
140.0000 5069
140.5000 5050
141.0000 5105
141.5000 5026
142.0000 5063
142.5000 5132
143.0000 5088
143.5000 5022
144.0000 4954
144.5000 4999
145.0000 5039
145.5000 5048
146.0000 4958
146.5000 5022
147.0000 4967
147.5000 4971
148.0000 4925
148.5000 4968
149.0000 4984
149.5000 4851
150.0000 4895
150.5000 4985
151.0000 4938
151.5000 4905
152.0000 4838
152.5000 4946
153.0000 5027
153.5000 5037
154.0000 4900
154.5000 4952
155.0000 4875
155.5000 4877
156.0000 4772
156.5000 4824
157.0000 4885
157.5000 4876
158.0000 4912
158.5000 4970
159.0000 5005
159.5000 4901
160.0000 4830
160.5000 4845
161.0000 4738
161.5000 4878
162.0000 4785
162.5000 4800
163.0000 4835
163.5000 4914
164.0000 4816
164.5000 4827
165.0000 4778
165.5000 4753
166.0000 4816
166.5000 4864
167.0000 4803
167.5000 4692
168.0000 4757
168.5000 4725
169.0000 4661
169.5000 4661
170.0000 4789
170.5000 4807
171.0000 4767
171.5000 4750
172.0000 4828
172.5000 4691
173.0000 4788
173.5000 4641
174.0000 4754
174.5000 4795
175.0000 4752
175.5000 4603
176.0000 4771
176.5000 4708
177.0000 4723
177.5000 4755
178.0000 4786
178.5000 4715
179.0000 4567
179.5000 4738
180.0000 4683
180.5000 4721
181.0000 4745
181.5000 4711
182.0000 4682
182.5000 4664
183.0000 4505
183.5000 4739
184.0000 4637
184.5000 4613
185.0000 4712
185.5000 4682
186.0000 4742
186.5000 4688
187.0000 4691
187.5000 4737
188.0000 4709
188.5000 4616
189.0000 4641
189.5000 4562
190.0000 4445
190.5000 4576
191.0000 4592
191.5000 4644
192.0000 4564
192.5000 4590
193.0000 4438
193.5000 4489
194.0000 4559
194.5000 4539
195.0000 4595
195.5000 4611
196.0000 4649
196.5000 4622
197.0000 4652
197.5000 4489
198.0000 4580
198.5000 4599
199.0000 4662
199.5000 4506
