0.0000 0
0.5000 2
1.0000 0
1.5000 0
2.0000 0
2.5000 0
3.0000 0
3.5000 0
4.0000 0
4.5000 0
5.0000 0
5.5000 0
6.0000 0
6.5000 0
7.0000 1
7.5000 0
8.0000 0
8.5000 0
9.0000 0
9.5000 0
10.0000 1
10.5000 0
11.0000 0
11.5000 0
12.0000 0
12.5000 0
13.0000 0
13.5000 1
14.0000 0
14.5000 0
15.0000 0
15.5000 0
16.0000 0
16.5000 0
17.0000 0
17.5000 0
18.0000 0
18.5000 0
19.0000 0
19.5000 0
20.0000 0
20.5000 0
21.0000 0
21.5000 0
22.0000 0
22.5000 0
23.0000 1
23.5000 0
24.0000 0
24.5000 0
25.0000 1
25.5000 0
26.0000 0
26.5000 0
27.0000 0
27.5000 0
28.0000 0
28.5000 0
29.0000 0
29.5000 0
30.0000 0
30.5000 0
31.0000 1
31.5000 0
32.0000 0
32.5000 1
33.0000 0
33.5000 0
34.0000 0
34.5000 0
35.0000 0
35.5000 0
36.0000 1
36.5000 0
37.0000 0
37.5000 0
38.0000 0
38.5000 0
39.0000 0
39.5000 0
40.0000 0
40.5000 0
41.0000 0
41.5000 0
42.0000 0
42.5000 0
43.0000 0
43.5000 0
44.0000 1
44.5000 0
45.0000 0
45.5000 0
46.0000 0
46.5000 0
47.0000 1
47.5000 0
48.0000 0
48.5000 0
49.0000 0
49.5000 0
50.0000 0
50.5000 0
51.0000 0
51.5000 0
52.0000 0
52.5000 0
53.0000 0
53.5000 0
54.0000 0
54.5000 0
55.0000 0
55.5000 0
56.0000 0
56.5000 0
57.0000 0
57.5000 0
58.0000 0
58.5000 0
59.0000 0
59.5000 0
60.0000 0
60.5000 2
61.0000 0
61.5000 1
62.0000 1
62.5000 0
63.0000 3
63.5000 1
64.0000 3
64.5000 2
65.0000 1
65.5000 4
66.0000 5
66.5000 6
67.0000 9
67.5000 4
68.0000 9
68.5000 11
69.0000 11
69.5000 11
70.0000 16
70.5000 19
71.0000 20
71.5000 24
72.0000 33
72.5000 27
73.0000 42
73.5000 31
74.0000 52
74.5000 57
75.0000 54
75.5000 72
76.0000 57
76.5000 69
77.0000 76
77.5000 63
78.0000 83
78.5000 100
79.0000 126
79.5000 105
80.0000 101
80.5000 127
81.0000 101
81.5000 119
82.0000 134
82.5000 158
83.0000 140
83.5000 158
84.0000 164
84.5000 162
85.0000 167
85.5000 142
86.0000 178
86.5000 195
87.0000 180
87.5000 179
88.0000 186
88.5000 213
89.0000 223
89.5000 200
90.0000 224
90.5000 223
91.0000 206
91.5000 242
92.0000 206
92.5000 251
93.0000 225
93.5000 240
94.0000 270
94.5000 255
95.0000 264
95.5000 265
96.0000 245
96.5000 289
97.0000 272
97.5000 257
98.0000 292
98.5000 285
99.0000 290
99.5000 298
100.0000 274
100.5000 275
101.0000 274
101.5000 284
102.0000 295
102.5000 276
103.0000 290
103.5000 299
104.0000 281
104.5000 279
105.0000 278
105.5000 286
106.0000 312
106.5000 254
107.0000 266
107.5000 280
108.0000 279
108.5000 293
109.0000 275
109.5000 282
110.0000 276
110.5000 298
111.0000 312
111.5000 267
112.0000 295
112.5000 289
113.0000 266
113.5000 276
114.0000 257
114.5000 291
115.0000 263
115.5000 273
116.0000 271
116.5000 282
117.0000 285
117.5000 300
118.0000 279
118.5000 281
119.0000 281
119.5000 284
120.0000 281
120.5000 292
121.0000 260
121.5000 264
122.0000 282
122.5000 266
123.0000 260
123.5000 276
124.0000 279
124.5000 286
125.0000 259
125.5000 265
126.0000 266
126.5000 252
127.0000 264
127.5000 252
128.0000 265
128.5000 256
129.0000 251
129.5000 293
130.0000 302
130.5000 259
131.0000 267
131.5000 259
132.0000 267
132.5000 266
133.0000 264
133.5000 283
134.0000 245
134.5000 238
135.0000 259
135.5000 270
136.0000 285
136.5000 292
137.0000 247
137.5000 263
138.0000 272
138.5000 264
139.0000 231
139.5000 293
140.0000 275
140.5000 263
141.0000 240
141.5000 269
142.0000 270
142.5000 264
143.0000 256
143.5000 276
144.0000 275
144.5000 279
145.0000 280
145.5000 288
146.0000 292
146.5000 262
147.0000 275
147.5000 243
148.0000 273
148.5000 247
149.0000 254
149.5000 261
150.0000 259
150.5000 269
151.0000 278
151.5000 266
152.0000 290
152.5000 254
153.0000 256
153.5000 279
154.0000 243
154.5000 226
155.0000 277
155.5000 242
156.0000 300
156.5000 265
157.0000 288
157.5000 266
158.0000 281
158.5000 256
159.0000 258
159.5000 248
160.0000 283
160.5000 264
161.0000 259
161.5000 247
162.0000 276
162.5000 264
163.0000 251
163.5000 288
164.0000 273
164.5000 274
165.0000 264
165.5000 266
166.0000 280
166.5000 258
167.0000 263
167.5000 281
168.0000 241
168.5000 275
169.0000 248
169.5000 237
170.0000 260
170.5000 266
171.0000 253
171.5000 280
172.0000 261
172.5000 279
173.0000 265
173.5000 280
174.0000 295
174.5000 259
175.0000 256
175.5000 262
176.0000 292
176.5000 258
177.0000 249
177.5000 241
178.0000 241
178.5000 245
179.0000 238
179.5000 255
180.0000 263
180.5000 272
181.0000 246
181.5000 274
182.0000 278
182.5000 262
183.0000 255
183.5000 259
184.0000 249
184.5000 225
185.0000 271
185.5000 255
186.0000 262
186.5000 256
187.0000 261
187.5000 264
188.0000 269
188.5000 252
189.0000 292
189.5000 269
190.0000 290
190.5000 251
191.0000 257
191.5000 249
192.0000 274
192.5000 243
193.0000 231
193.5000 276
194.0000 273
194.5000 222
195.0000 247
195.5000 255
196.0000 266
196.5000 254
197.0000 282
197.5000 256
198.0000 248
198.5000 267
199.0000 256
199.5000 271
