0.0000 0
0.5000 1
1.0000 0
1.5000 0
2.0000 0
2.5000 2
3.0000 0
3.5000 0
4.0000 0
4.5000 0
5.0000 0
5.5000 0
6.0000 0
6.5000 0
7.0000 0
7.5000 1
8.0000 0
8.5000 0
9.0000 0
9.5000 0
10.0000 0
10.5000 1
11.0000 0
11.5000 0
12.0000 1
12.5000 0
13.0000 1
13.5000 0
14.0000 0
14.5000 1
15.0000 0
15.5000 0
16.0000 2
16.5000 0
17.0000 0
17.5000 0
18.0000 1
18.5000 0
19.0000 0
19.5000 0
20.0000 0
20.5000 0
21.0000 0
21.5000 0
22.0000 0
22.5000 0
23.0000 0
23.5000 1
24.0000 0
24.5000 0
25.0000 0
25.5000 0
26.0000 0
26.5000 0
27.0000 0
27.5000 1
28.0000 0
28.5000 0
29.0000 0
29.5000 0
30.0000 0
30.5000 0
31.0000 0
31.5000 0
32.0000 0
32.5000 0
33.0000 0
33.5000 0
34.0000 1
34.5000 1
35.0000 0
35.5000 1
36.0000 0
36.5000 0
37.0000 0
37.5000 0
38.0000 0
38.5000 0
39.0000 0
39.5000 1
40.0000 1
40.5000 0
41.0000 0
41.5000 1
42.0000 1
42.5000 0
43.0000 0
43.5000 0
44.0000 0
44.5000 0
45.0000 1
45.5000 0
46.0000 0
46.5000 0
47.0000 0
47.5000 0
48.0000 0
48.5000 0
49.0000 0
49.5000 1
50.0000 0
50.5000 1
51.0000 0
51.5000 2
52.0000 0
52.5000 0
53.0000 2
53.5000 2
54.0000 0
54.5000 1
55.0000 5
55.5000 3
56.0000 1
56.5000 8
57.0000 6
57.5000 10
58.0000 6
58.5000 20
59.0000 10
59.5000 14
60.0000 13
60.5000 21
61.0000 18
61.5000 27
62.0000 42
62.5000 38
63.0000 41
63.5000 40
64.0000 76
64.5000 66
65.0000 89
65.5000 102
66.0000 123
66.5000 123
67.0000 155
67.5000 187
68.0000 205
68.5000 230
69.0000 303
69.5000 341
70.0000 369
70.5000 403
71.0000 557
71.5000 598
72.0000 702
72.5000 787
73.0000 883
73.5000 997
74.0000 1121
74.5000 1287
75.0000 1444
75.5000 1524
76.0000 1674
76.5000 1737
77.0000 1967
77.5000 2091
78.0000 2258
78.5000 2421
79.0000 2598
79.5000 2664
80.0000 2873
80.5000 3137
81.0000 3108
81.5000 3321
82.0000 3516
82.5000 3658
83.0000 3788
83.5000 3792
84.0000 4149
84.5000 4056
85.0000 4317
85.5000 4445
86.0000 4516
86.5000 4684
87.0000 4803
87.5000 4904
88.0000 5034
88.5000 5090
89.0000 5051
89.5000 5173
90.0000 5478
90.5000 5564
91.0000 5677
91.5000 5768
92.0000 5767
92.5000 5853
93.0000 6021
93.5000 5908
94.0000 6083
94.5000 6027
95.0000 6297
95.5000 6319
96.0000 6426
96.5000 6431
97.0000 6443
97.5000 6506
98.0000 6579
98.5000 6541
99.0000 6625
99.5000 6546
100.0000 6516
100.5000 6595
101.0000 6737
101.5000 6612
102.0000 6647
102.5000 6493
103.0000 6629
103.5000 6525
104.0000 6555
104.5000 6537
105.0000 6601
105.5000 6524
106.0000 6382
106.5000 6339
107.0000 6483
107.5000 6364
108.0000 6369
108.5000 6458
109.0000 6312
109.5000 6266
110.0000 6326
110.5000 6256
111.0000 6306
111.5000 6329
112.0000 6279
112.5000 6025
113.0000 6097
113.5000 6113
114.0000 6197
114.5000 6138
115.0000 6067
115.5000 6042
116.0000 6024
116.5000 6046
117.0000 5984
117.5000 5981
118.0000 5947
118.5000 5977
119.0000 5967
119.5000 5886
120.0000 5958
120.5000 5869
121.0000 5862
121.5000 5838
122.0000 5877
122.5000 5967
123.0000 5891
123.5000 5851
124.0000 5783
124.5000 5772
125.0000 5815
125.5000 5812
126.0000 5790
126.5000 5634
127.0000 5798
127.5000 5558
128.0000 5773
128.5000 5687
129.0000 5632
129.5000 5726
130.0000 5645
130.5000 5680
131.0000 5711
131.5000 5751
132.0000 5601
132.5000 5482
133.0000 5717
133.5000 5709
134.0000 5533
134.5000 5578
135.0000 5525
135.5000 5638
136.0000 5506
136.5000 5505
137.0000 5548
137.5000 5572
138.0000 5509
138.5000 5543
139.0000 5446
139.5000 5529
140.0000 5482
140.5000 5443
141.0000 5455
141.5000 5380
142.0000 5498
142.5000 5424
143.0000 5456
143.5000 5498
144.0000 5470
144.5000 5349
145.0000 5429
145.5000 5466
146.0000 5536
146.5000 5402
147.0000 5389
147.5000 5290
148.0000 5421
148.5000 5362
149.0000 5362
149.5000 5298
150.0000 5327
150.5000 5328
151.0000 5355
151.5000 5385
152.0000 5287
152.5000 5393
153.0000 5222
153.5000 5283
154.0000 5230
154.5000 5393
155.0000 5297
155.5000 5310
156.0000 5275
156.5000 5196
157.0000 5277
157.5000 5281
158.0000 5341
158.5000 5187
159.0000 5237
159.5000 5206
160.0000 5232
160.5000 5198
161.0000 5220
161.5000 5149
162.0000 5159
162.5000 5252
163.0000 5194
163.5000 5198
164.0000 5261
164.5000 5119
165.0000 5118
165.5000 5107
166.0000 5179
166.5000 5214
167.0000 5185
167.5000 5104
168.0000 5154
168.5000 5125
169.0000 5143
169.5000 5100
170.0000 5151
170.5000 5218
171.0000 5151
171.5000 5038
172.0000 5136
172.5000 5028
173.0000 5189
173.5000 5114
174.0000 5069
174.5000 5043
175.0000 5002
175.5000 5046
176.0000 4934
176.5000 4954
177.0000 5052
177.5000 5018
178.0000 5140
178.5000 5013
179.0000 5009
179.5000 5049
180.0000 5014
180.5000 5067
181.0000 5090
181.5000 5075
182.0000 4987
182.5000 4996
183.0000 5057
183.5000 4961
184.0000 5031
184.5000 5058
185.0000 4917
185.5000 4940
186.0000 5006
186.5000 5012
187.0000 5070
187.5000 4933
188.0000 4903
188.5000 4973
189.0000 4976
189.5000 5106
190.0000 4878
190.5000 4877
191.0000 4872
191.5000 4927
192.0000 4926
192.5000 5049
193.0000 4979
193.5000 4851
194.0000 4887
194.5000 4971
195.0000 4880
195.5000 4893
196.0000 4900
196.5000 4932
197.0000 4919
197.5000 4924
198.0000 4799
198.5000 4899
199.0000 4854
199.5000 4988
