0.0000 0
0.5000 1
1.0000 0
1.5000 0
2.0000 0
2.5000 0
3.0000 0
3.5000 1
4.0000 0
4.5000 0
5.0000 1
5.5000 0
6.0000 0
6.5000 0
7.0000 0
7.5000 0
8.0000 0
8.5000 0
9.0000 0
9.5000 1
10.0000 0
10.5000 0
11.0000 0
11.5000 0
12.0000 0
12.5000 0
13.0000 0
13.5000 0
14.0000 0
14.5000 0
15.0000 1
15.5000 1
16.0000 0
16.5000 0
17.0000 0
17.5000 0
18.0000 0
18.5000 1
19.0000 0
19.5000 0
20.0000 0
20.5000 0
21.0000 0
21.5000 0
22.0000 0
22.5000 2
23.0000 0
23.5000 0
24.0000 1
24.5000 2
25.0000 0
25.5000 1
26.0000 0
26.5000 1
27.0000 0
27.5000 0
28.0000 0
28.5000 0
29.0000 0
29.5000 0
30.0000 0
30.5000 0
31.0000 0
31.5000 0
32.0000 0
32.5000 0
33.0000 0
33.5000 0
34.0000 1
34.5000 0
35.0000 0
35.5000 0
36.0000 0
36.5000 0
37.0000 0
37.5000 0
38.0000 0
38.5000 0
39.0000 0
39.5000 0
40.0000 0
40.5000 0
41.0000 0
41.5000 0
42.0000 0
42.5000 0
43.0000 0
43.5000 1
44.0000 0
44.5000 0
45.0000 0
45.5000 0
46.0000 0
46.5000 0
47.0000 0
47.5000 1
48.0000 2
48.5000 0
49.0000 0
49.5000 0
50.0000 0
50.5000 0
51.0000 0
51.5000 1
52.0000 0
52.5000 0
53.0000 0
53.5000 0
54.0000 1
54.5000 1
55.0000 1
55.5000 1
56.0000 2
56.5000 1
57.0000 2
57.5000 0
58.0000 3
58.5000 4
59.0000 2
59.5000 4
60.0000 2
60.5000 5
61.0000 5
61.5000 5
62.0000 8
62.5000 6
63.0000 8
63.5000 7
64.0000 16
64.5000 9
65.0000 14
65.5000 21
66.0000 18
66.5000 26
67.0000 31
67.5000 36
68.0000 41
68.5000 53
69.0000 71
69.5000 75
70.0000 66
70.5000 81
71.0000 110
71.5000 113
72.0000 123
72.5000 148
73.0000 186
73.5000 172
74.0000 214
74.5000 245
75.0000 217
75.5000 263
76.0000 274
76.5000 316
77.0000 359
77.5000 335
78.0000 388
78.5000 396
79.0000 434
79.5000 472
80.0000 490
80.5000 524
81.0000 558
81.5000 579
82.0000 611
82.5000 613
83.0000 594
83.5000 627
84.0000 664
84.5000 668
85.0000 770
85.5000 737
86.0000 764
86.5000 809
87.0000 777
87.5000 898
88.0000 885
88.5000 882
89.0000 906
89.5000 888
90.0000 978
90.5000 987
91.0000 1021
91.5000 1012
92.0000 1027
92.5000 1051
93.0000 1105
93.5000 1102
94.0000 1100
94.5000 1136
95.0000 1197
95.5000 1147
96.0000 1191
96.5000 1180
97.0000 1227
97.5000 1200
98.0000 1213
98.5000 1284
99.0000 1136
99.5000 1287
100.0000 1237
100.5000 1188
101.0000 1312
101.5000 1299
102.0000 1291
102.5000 1252
103.0000 1225
103.5000 1229
104.0000 1239
104.5000 1284
105.0000 1254
105.5000 1261
106.0000 1297
106.5000 1221
107.0000 1343
107.5000 1202
108.0000 1207
108.5000 1290
109.0000 1218
109.5000 1255
110.0000 1299
110.5000 1275
111.0000 1259
111.5000 1255
112.0000 1251
112.5000 1254
113.0000 1228
113.5000 1233
114.0000 1215
114.5000 1215
115.0000 1225
115.5000 1252
116.0000 1229
116.5000 1238
117.0000 1221
117.5000 1178
118.0000 1174
118.5000 1281
119.0000 1211
119.5000 1220
120.0000 1199
120.5000 1173
121.0000 1191
121.5000 1159
122.0000 1184
122.5000 1176
123.0000 1169
123.5000 1198
124.0000 1203
124.5000 1258
125.0000 1147
125.5000 1153
126.0000 1135
126.5000 1216
127.0000 1187
127.5000 1229
128.0000 1215
128.5000 1185
129.0000 1167
129.5000 1184
130.0000 1204
130.5000 1198
131.0000 1194
131.5000 1213
132.0000 1178
132.5000 1161
133.0000 1147
133.5000 1175
134.0000 1137
134.5000 1211
135.0000 1157
135.5000 1213
136.0000 1219
136.5000 1107
137.0000 1165
137.5000 1166
138.0000 1217
138.5000 1192
139.0000 1098
139.5000 1135
140.0000 1173
140.5000 1212
141.0000 1152
141.5000 1158
142.0000 1195
142.5000 1161
143.0000 1224
143.5000 1199
144.0000 1211
144.5000 1219
145.0000 1186
145.5000 1142
146.0000 1157
146.5000 1171
147.0000 1166
147.5000 1207
148.0000 1192
148.5000 1156
149.0000 1167
149.5000 1152
150.0000 1243
150.5000 1099
151.0000 1153
151.5000 1108
152.0000 1122
152.5000 1133
153.0000 1243
153.5000 1193
154.0000 1074
154.5000 1094
155.0000 1156
155.5000 1124
156.0000 1144
156.5000 1188
157.0000 1140
157.5000 1162
158.0000 1166
158.5000 1172
159.0000 1179
159.5000 1128
160.0000 1145
160.5000 1145
161.0000 1135
161.5000 1104
162.0000 1147
162.5000 1151
163.0000 1183
163.5000 1124
164.0000 1097
164.5000 1143
165.0000 1136
165.5000 1142
166.0000 1119
166.5000 1179
167.0000 1138
167.5000 1143
168.0000 1112
168.5000 1199
169.0000 1221
169.5000 1113
170.0000 1157
170.5000 1164
171.0000 1182
171.5000 1105
172.0000 1139
172.5000 1125
173.0000 1138
173.5000 1106
174.0000 1140
174.5000 1152
175.0000 1101
175.5000 1110
176.0000 1140
176.5000 1180
177.0000 1138
177.5000 1144
178.0000 1196
178.5000 1162
179.0000 1108
179.5000 1141
180.0000 1118
180.5000 1137
181.0000 1112
181.5000 1217
182.0000 1075
182.5000 1110
183.0000 1173
183.5000 1143
184.0000 1168
184.5000 1150
185.0000 1102
185.5000 1065
186.0000 1123
186.5000 1112
187.0000 1144
187.5000 1148
188.0000 1126
188.5000 1161
189.0000 1130
189.5000 1113
190.0000 1129
190.5000 1112
191.0000 1122
191.5000 1134
192.0000 1153
192.5000 1133
193.0000 1094
193.5000 1109
194.0000 1136
194.5000 1175
195.0000 1124
195.5000 1107
196.0000 1160
196.5000 1127
197.0000 1095
197.5000 1112
198.0000 1113
198.5000 1110
199.0000 1162
199.5000 1140
