0.0000 0
0.5000 0
1.0000 0
1.5000 0
2.0000 0
2.5000 0
3.0000 2
3.5000 0
4.0000 0
4.5000 0
5.0000 0
5.5000 0
6.0000 0
6.5000 0
7.0000 0
7.5000 0
8.0000 0
8.5000 0
9.0000 0
9.5000 1
10.0000 0
10.5000 0
11.0000 0
11.5000 0
12.0000 0
12.5000 0
13.0000 0
13.5000 0
14.0000 0
14.5000 0
15.0000 0
15.5000 0
16.0000 1
16.5000 0
17.0000 0
17.5000 0
18.0000 0
18.5000 0
19.0000 0
19.5000 0
20.0000 0
20.5000 2
21.0000 1
21.5000 0
22.0000 0
22.5000 0
23.0000 0
23.5000 0
24.0000 0
24.5000 0
25.0000 0
25.5000 0
26.0000 0
26.5000 0
27.0000 0
27.5000 0
28.0000 0
28.5000 0
29.0000 0
29.5000 0
30.0000 0
30.5000 0
31.0000 0
31.5000 0
32.0000 0
32.5000 0
33.0000 1
33.5000 0
34.0000 0
34.5000 0
35.0000 0
35.5000 0
36.0000 0
36.5000 0
37.0000 0
37.5000 0
38.0000 0
38.5000 0
39.0000 0
39.5000 0
40.0000 1
40.5000 0
41.0000 0
41.5000 0
42.0000 1
42.5000 1
43.0000 0
43.5000 0
44.0000 0
44.5000 0
45.0000 0
45.5000 0
46.0000 0
46.5000 0
47.0000 0
47.5000 0
48.0000 0
48.5000 0
49.0000 0
49.5000 0
50.0000 0
50.5000 0
51.0000 0
51.5000 0
52.0000 0
52.5000 2
53.0000 0
53.5000 0
54.0000 2
54.5000 0
55.0000 0
55.5000 0
56.0000 3
56.5000 1
57.0000 0
57.5000 1
58.0000 1
58.5000 3
59.0000 3
59.5000 3
60.0000 8
60.5000 5
61.0000 7
61.5000 8
62.0000 7
62.5000 8
63.0000 12
63.5000 13
64.0000 14
64.5000 20
65.0000 21
65.5000 25
66.0000 24
66.5000 33
67.0000 41
67.5000 52
68.0000 76
68.5000 48
69.0000 64
69.5000 55
70.0000 84
70.5000 94
71.0000 118
71.5000 115
72.0000 156
72.5000 162
73.0000 191
73.5000 209
74.0000 233
74.5000 272
75.0000 287
75.5000 319
76.0000 345
76.5000 391
77.0000 374
77.5000 392
78.0000 465
78.5000 459
79.0000 534
79.5000 547
80.0000 592
80.5000 626
81.0000 668
81.5000 706
82.0000 695
82.5000 741
83.0000 746
83.5000 808
84.0000 836
84.5000 845
85.0000 896
85.5000 904
86.0000 945
86.5000 930
87.0000 958
87.5000 1030
88.0000 1072
88.5000 1066
89.0000 1126
89.5000 1107
90.0000 1124
90.5000 1153
91.0000 1188
91.5000 1210
92.0000 1268
92.5000 1317
93.0000 1250
93.5000 1323
94.0000 1291
94.5000 1290
95.0000 1326
95.5000 1371
96.0000 1424
96.5000 1401
97.0000 1435
97.5000 1451
98.0000 1371
98.5000 1416
99.0000 1437
99.5000 1419
100.0000 1444
100.5000 1405
101.0000 1462
101.5000 1511
102.0000 1460
102.5000 1467
103.0000 1530
103.5000 1482
104.0000 1504
104.5000 1448
105.0000 1491
105.5000 1472
106.0000 1438
106.5000 1492
107.0000 1469
107.5000 1444
108.0000 1397
108.5000 1374
109.0000 1438
109.5000 1477
110.0000 1428
110.5000 1463
111.0000 1463
111.5000 1432
112.0000 1416
112.5000 1423
113.0000 1434
113.5000 1459
114.0000 1400
114.5000 1389
115.0000 1461
115.5000 1476
116.0000 1455
116.5000 1413
117.0000 1399
117.5000 1425
118.0000 1427
118.5000 1390
119.0000 1403
119.5000 1393
120.0000 1414
120.5000 1415
121.0000 1438
121.5000 1415
122.0000 1390
122.5000 1401
123.0000 1379
123.5000 1378
124.0000 1388
124.5000 1353
125.0000 1395
125.5000 1413
126.0000 1443
126.5000 1358
127.0000 1389
127.5000 1387
128.0000 1387
128.5000 1414
129.0000 1423
129.5000 1416
130.0000 1278
130.5000 1340
131.0000 1373
131.5000 1383
132.0000 1370
132.5000 1351
133.0000 1420
133.5000 1431
134.0000 1365
134.5000 1362
135.0000 1316
135.5000 1362
136.0000 1353
136.5000 1372
137.0000 1452
137.5000 1316
138.0000 1366
138.5000 1329
139.0000 1409
139.5000 1381
140.0000 1333
140.5000 1355
141.0000 1363
141.5000 1257
142.0000 1336
142.5000 1406
143.0000 1312
143.5000 1387
144.0000 1360
144.5000 1385
145.0000 1383
145.5000 1338
146.0000 1336
146.5000 1372
147.0000 1383
147.5000 1372
148.0000 1357
148.5000 1370
149.0000 1256
149.5000 1315
150.0000 1346
150.5000 1378
151.0000 1389
151.5000 1380
152.0000 1375
152.5000 1375
153.0000 1345
153.5000 1316
154.0000 1249
154.5000 1293
155.0000 1346
155.5000 1346
156.0000 1258
156.5000 1342
157.0000 1391
157.5000 1370
158.0000 1347
158.5000 1381
159.0000 1306
159.5000 1403
160.0000 1305
160.5000 1362
161.0000 1356
161.5000 1327
162.0000 1338
162.5000 1318
163.0000 1325
163.5000 1337
164.0000 1293
164.5000 1279
165.0000 1397
165.5000 1323
166.0000 1352
166.5000 1378
167.0000 1325
167.5000 1358
168.0000 1283
168.5000 1349
169.0000 1312
169.5000 1294
170.0000 1266
170.5000 1282
171.0000 1297
171.5000 1286
172.0000 1362
172.5000 1287
173.0000 1333
173.5000 1308
174.0000 1296
174.5000 1330
175.0000 1304
175.5000 1334
176.0000 1369
176.5000 1270
177.0000 1343
177.5000 1347
178.0000 1339
178.5000 1329
179.0000 1339
179.5000 1368
180.0000 1330
180.5000 1321
181.0000 1331
181.5000 1376
182.0000 1369
182.5000 1310
183.0000 1353
183.5000 1280
184.0000 1339
184.5000 1258
185.0000 1315
185.5000 1295
186.0000 1331
186.5000 1311
187.0000 1285
187.5000 1298
188.0000 1321
188.5000 1263
189.0000 1313
189.5000 1279
190.0000 1316
190.5000 1310
191.0000 1304
191.5000 1248
192.0000 1303
192.5000 1287
193.0000 1357
193.5000 1255
194.0000 1310
194.5000 1288
195.0000 1261
195.5000 1305
196.0000 1332
196.5000 1327
197.0000 1334
197.5000 1252
198.0000 1411
198.5000 1321
199.0000 1300
199.5000 1315
