0.0000 0
0.5000 0
1.0000 0
1.5000 0
2.0000 0
2.5000 1
3.0000 0
3.5000 0
4.0000 0
4.5000 0
5.0000 0
5.5000 0
6.0000 0
6.5000 0
7.0000 0
7.5000 0
8.0000 0
8.5000 0
9.0000 0
9.5000 1
10.0000 0
10.5000 0
11.0000 0
11.5000 0
12.0000 0
12.5000 0
13.0000 0
13.5000 0
14.0000 0
14.5000 0
15.0000 0
15.5000 0
16.0000 0
16.5000 0
17.0000 1
17.5000 1
18.0000 0
18.5000 0
19.0000 1
19.5000 0
20.0000 0
20.5000 0
21.0000 0
21.5000 0
22.0000 0
22.5000 1
23.0000 0
23.5000 0
24.0000 0
24.5000 0
25.0000 0
25.5000 0
26.0000 0
26.5000 0
27.0000 0
27.5000 0
28.0000 0
28.5000 1
29.0000 0
29.5000 0
30.0000 0
30.5000 0
31.0000 0
31.5000 0
32.0000 1
32.5000 0
33.0000 0
33.5000 0
34.0000 0
34.5000 0
35.0000 0
35.5000 1
36.0000 0
36.5000 0
37.0000 0
37.5000 0
38.0000 0
38.5000 0
39.0000 0
39.5000 0
40.0000 1
40.5000 0
41.0000 0
41.5000 0
42.0000 0
42.5000 0
43.0000 0
43.5000 1
44.0000 0
44.5000 0
45.0000 0
45.5000 0
46.0000 1
46.5000 0
47.0000 0
47.5000 0
48.0000 0
48.5000 1
49.0000 0
49.5000 0
50.0000 0
50.5000 0
51.0000 0
51.5000 0
52.0000 0
52.5000 0
53.0000 1
53.5000 0
54.0000 0
54.5000 0
55.0000 0
55.5000 0
56.0000 0
56.5000 1
57.0000 0
57.5000 0
58.0000 0
58.5000 1
59.0000 3
59.5000 1
60.0000 1
60.5000 0
61.0000 3
61.5000 2
62.0000 2
62.5000 4
63.0000 1
63.5000 1
64.0000 3
64.5000 4
65.0000 6
65.5000 5
66.0000 5
66.5000 6
67.0000 8
67.5000 12
68.0000 8
68.5000 14
69.0000 18
69.5000 13
70.0000 12
70.5000 24
71.0000 21
71.5000 39
72.0000 26
72.5000 34
73.0000 41
73.5000 42
74.0000 49
74.5000 61
75.0000 51
75.5000 61
76.0000 60
76.5000 70
77.0000 75
77.5000 86
78.0000 89
78.5000 116
79.0000 116
79.5000 97
80.0000 126
80.5000 132
81.0000 104
81.5000 119
82.0000 141
82.5000 156
83.0000 142
83.5000 171
84.0000 166
84.5000 177
85.0000 170
85.5000 165
86.0000 198
86.5000 235
87.0000 193
87.5000 203
88.0000 233
88.5000 215
89.0000 220
89.5000 206
90.0000 214
90.5000 233
91.0000 240
91.5000 254
92.0000 220
92.5000 232
93.0000 239
93.5000 252
94.0000 241
94.5000 272
95.0000 275
95.5000 270
96.0000 248
96.5000 268
97.0000 271
97.5000 280
98.0000 297
98.5000 288
99.0000 286
99.5000 263
100.0000 318
100.5000 276
101.0000 281
101.5000 308
102.0000 287
102.5000 306
103.0000 304
103.5000 323
104.0000 274
104.5000 262
105.0000 281
105.5000 283
106.0000 273
106.5000 310
107.0000 286
107.5000 303
108.0000 315
108.5000 275
109.0000 266
109.5000 288
110.0000 313
110.5000 296
111.0000 303
111.5000 272
112.0000 275
112.5000 264
113.0000 289
113.5000 297
114.0000 287
114.5000 314
115.0000 278
115.5000 282
116.0000 269
116.5000 284
117.0000 282
117.5000 285
118.0000 290
118.5000 297
119.0000 289
119.5000 260
120.0000 265
120.5000 298
121.0000 296
121.5000 276
122.0000 294
122.5000 267
123.0000 281
123.5000 287
124.0000 284
124.5000 265
125.0000 308
125.5000 269
126.0000 294
126.5000 286
127.0000 299
127.5000 263
128.0000 239
128.5000 301
129.0000 279
129.5000 277
130.0000 293
130.5000 284
131.0000 269
131.5000 257
132.0000 317
132.5000 280
133.0000 291
133.5000 250
134.0000 296
134.5000 302
135.0000 309
135.5000 262
136.0000 266
136.5000 279
137.0000 268
137.5000 274
138.0000 282
138.5000 285
139.0000 294
139.5000 306
140.0000 286
140.5000 285
141.0000 244
141.5000 279
142.0000 280
142.5000 276
143.0000 281
143.5000 315
144.0000 291
144.5000 249
145.0000 295
145.5000 260
146.0000 252
146.5000 249
147.0000 286
147.5000 259
148.0000 302
148.5000 287
149.0000 288
149.5000 281
150.0000 303
150.5000 270
151.0000 269
151.5000 258
152.0000 282
152.5000 269
153.0000 274
153.5000 288
154.0000 279
154.5000 278
155.0000 274
155.5000 286
156.0000 282
156.5000 272
157.0000 263
157.5000 269
158.0000 255
158.5000 246
159.0000 275
159.5000 268
160.0000 277
160.5000 273
161.0000 279
161.5000 263
162.0000 259
162.5000 267
163.0000 268
163.5000 287
164.0000 282
164.5000 264
165.0000 292
165.5000 274
166.0000 274
166.5000 242
167.0000 259
167.5000 259
168.0000 272
168.5000 260
169.0000 248
169.5000 276
170.0000 277
170.5000 287
171.0000 277
171.5000 243
172.0000 277
172.5000 256
173.0000 288
173.5000 271
174.0000 273
174.5000 284
175.0000 284
175.5000 277
176.0000 263
176.5000 267
177.0000 278
177.5000 267
178.0000 286
178.5000 271
179.0000 289
179.5000 254
180.0000 263
180.5000 251
181.0000 270
181.5000 267
182.0000 262
182.5000 284
183.0000 317
183.5000 271
184.0000 273
184.5000 290
185.0000 258
185.5000 259
186.0000 270
186.5000 280
187.0000 258
187.5000 265
188.0000 284
188.5000 282
189.0000 271
189.5000 271
190.0000 251
190.5000 263
191.0000 290
191.5000 265
192.0000 253
192.5000 263
193.0000 283
193.5000 287
194.0000 250
194.5000 243
195.0000 295
195.5000 254
196.0000 255
196.5000 256
197.0000 235
197.5000 261
198.0000 269
198.5000 259
199.0000 256
199.5000 263
