0.0000 0
0.5000 0
1.0000 0
1.5000 1
2.0000 0
2.5000 0
3.0000 0
3.5000 1
4.0000 0
4.5000 0
5.0000 0
5.5000 0
6.0000 1
6.5000 0
7.0000 0
7.5000 0
8.0000 0
8.5000 1
9.0000 0
9.5000 0
10.0000 1
10.5000 0
11.0000 0
11.5000 0
12.0000 0
12.5000 0
13.0000 0
13.5000 0
14.0000 0
14.5000 0
15.0000 1
15.5000 0
16.0000 0
16.5000 0
17.0000 0
17.5000 0
18.0000 0
18.5000 0
19.0000 0
19.5000 0
20.0000 0
20.5000 0
21.0000 0
21.5000 1
22.0000 0
22.5000 1
23.0000 0
23.5000 0
24.0000 0
24.5000 1
25.0000 0
25.5000 0
26.0000 0
26.5000 1
27.0000 0
27.5000 0
28.0000 1
28.5000 0
29.0000 0
29.5000 0
30.0000 0
30.5000 1
31.0000 1
31.5000 0
32.0000 0
32.5000 0
33.0000 1
33.5000 1
34.0000 0
34.5000 0
35.0000 0
35.5000 1
36.0000 0
36.5000 1
37.0000 0
37.5000 0
38.0000 0
38.5000 0
39.0000 1
39.5000 1
40.0000 0
40.5000 0
41.0000 0
41.5000 0
42.0000 0
42.5000 0
43.0000 0
43.5000 0
44.0000 1
44.5000 0
45.0000 0
45.5000 1
46.0000 1
46.5000 0
47.0000 1
47.5000 0
48.0000 0
48.5000 0
49.0000 0
49.5000 0
50.0000 0
50.5000 0
51.0000 0
51.5000 0
52.0000 0
52.5000 0
53.0000 0
53.5000 0
54.0000 1
54.5000 0
55.0000 1
55.5000 0
56.0000 0
56.5000 0
57.0000 3
57.5000 1
58.0000 0
58.5000 0
59.0000 0
59.5000 5
60.0000 0
60.5000 1
61.0000 2
61.5000 3
62.0000 1
62.5000 1
63.0000 3
63.5000 4
64.0000 5
64.5000 1
65.0000 6
65.5000 10
66.0000 5
66.5000 6
67.0000 13
67.5000 10
68.0000 14
68.5000 10
69.0000 13
69.5000 21
70.0000 18
70.5000 28
71.0000 26
71.5000 34
72.0000 37
72.5000 44
73.0000 43
73.5000 58
74.0000 51
74.5000 61
75.0000 67
75.5000 83
76.0000 62
76.5000 101
77.0000 94
77.5000 105
78.0000 104
78.5000 137
79.0000 135
79.5000 142
80.0000 138
80.5000 158
81.0000 160
81.5000 164
82.0000 190
82.5000 169
83.0000 191
83.5000 170
84.0000 194
84.5000 225
85.0000 240
85.5000 227
86.0000 236
86.5000 241
87.0000 250
87.5000 230
88.0000 290
88.5000 295
89.0000 289
89.5000 292
90.0000 309
90.5000 315
91.0000 300
91.5000 338
92.0000 289
92.5000 299
93.0000 317
93.5000 361
94.0000 341
94.5000 332
95.0000 338
95.5000 361
96.0000 355
96.5000 377
97.0000 367
97.5000 359
98.0000 392
98.5000 370
99.0000 353
99.5000 382
100.0000 371
100.5000 383
101.0000 376
101.5000 396
102.0000 387
102.5000 363
103.0000 348
103.5000 384
104.0000 362
104.5000 398
105.0000 353
105.5000 395
106.0000 401
106.5000 337
107.0000 383
107.5000 401
108.0000 384
108.5000 391
109.0000 380
109.5000 376
110.0000 388
110.5000 421
111.0000 366
111.5000 362
112.0000 395
112.5000 358
113.0000 363
113.5000 386
114.0000 351
114.5000 357
115.0000 359
115.5000 365
116.0000 382
116.5000 359
117.0000 339
117.5000 354
118.0000 374
118.5000 362
119.0000 360
119.5000 375
120.0000 379
120.5000 385
121.0000 393
121.5000 364
122.0000 357
122.5000 357
123.0000 397
123.5000 344
124.0000 398
124.5000 352
125.0000 375
125.5000 340
126.0000 386
126.5000 363
127.0000 329
127.5000 339
128.0000 390
128.5000 361
129.0000 360
129.5000 413
130.0000 329
130.5000 351
131.0000 374
131.5000 350
132.0000 369
132.5000 315
133.0000 372
133.5000 330
134.0000 343
134.5000 356
135.0000 346
135.5000 353
136.0000 362
136.5000 350
137.0000 364
137.5000 356
138.0000 377
138.5000 322
139.0000 347
139.5000 369
140.0000 394
140.5000 292
141.0000 358
141.5000 356
142.0000 372
142.5000 327
143.0000 309
143.5000 367
144.0000 367
144.5000 359
145.0000 375
145.5000 349
146.0000 358
146.5000 332
147.0000 348
147.5000 345
148.0000 355
148.5000 350
149.0000 368
149.5000 354
150.0000 341
150.5000 364
151.0000 330
151.5000 358
152.0000 338
152.5000 357
153.0000 355
153.5000 369
154.0000 341
154.5000 351
155.0000 321
155.5000 380
156.0000 352
156.5000 325
157.0000 361
157.5000 388
158.0000 320
158.5000 332
159.0000 360
159.5000 356
160.0000 339
160.5000 347
161.0000 336
161.5000 318
162.0000 371
162.5000 354
163.0000 358
163.5000 374
164.0000 347
164.5000 345
165.0000 329
165.5000 310
166.0000 356
166.5000 351
167.0000 341
167.5000 344
168.0000 344
168.5000 353
169.0000 344
169.5000 365
170.0000 344
170.5000 372
171.0000 367
171.5000 367
172.0000 359
172.5000 371
173.0000 353
173.5000 328
174.0000 364
174.5000 341
175.0000 362
175.5000 384
176.0000 332
176.5000 343
177.0000 348
177.5000 367
178.0000 354
178.5000 364
179.0000 321
179.5000 357
180.0000 317
180.5000 341
181.0000 384
181.5000 337
182.0000 333
182.5000 373
183.0000 372
183.5000 366
184.0000 340
184.5000 339
185.0000 328
185.5000 356
186.0000 330
186.5000 376
187.0000 348
187.5000 354
188.0000 341
188.5000 349
189.0000 370
189.5000 349
190.0000 360
190.5000 378
191.0000 323
191.5000 345
192.0000 354
192.5000 353
193.0000 310
193.5000 330
194.0000 349
194.5000 333
195.0000 360
195.5000 322
196.0000 336
196.5000 312
197.0000 343
197.5000 377
198.0000 340
198.5000 346
199.0000 345
199.5000 333
