0.0000 0
0.5000 0
1.0000 1
1.5000 0
2.0000 0
2.5000 0
3.0000 1
3.5000 0
4.0000 0
4.5000 0
5.0000 1
5.5000 0
6.0000 0
6.5000 0
7.0000 0
7.5000 1
8.0000 0
8.5000 1
9.0000 0
9.5000 0
10.0000 0
10.5000 0
11.0000 0
11.5000 0
12.0000 0
12.5000 0
13.0000 0
13.5000 0
14.0000 0
14.5000 0
15.0000 0
15.5000 0
16.0000 0
16.5000 0
17.0000 0
17.5000 0
18.0000 0
18.5000 1
19.0000 0
19.5000 0
20.0000 0
20.5000 1
21.0000 0
21.5000 1
22.0000 0
22.5000 0
23.0000 0
23.5000 0
24.0000 0
24.5000 0
25.0000 0
25.5000 0
26.0000 0
26.5000 1
27.0000 0
27.5000 0
28.0000 0
28.5000 0
29.0000 0
29.5000 0
30.0000 0
30.5000 0
31.0000 0
31.5000 0
32.0000 0
32.5000 0
33.0000 0
33.5000 0
34.0000 1
34.5000 0
35.0000 0
35.5000 0
36.0000 0
36.5000 0
37.0000 0
37.5000 0
38.0000 0
38.5000 1
39.0000 0
39.5000 0
40.0000 0
40.5000 0
41.0000 0
41.5000 1
42.0000 0
42.5000 1
43.0000 0
43.5000 0
44.0000 1
44.5000 0
45.0000 0
45.5000 0
46.0000 0
46.5000 0
47.0000 0
47.5000 1
48.0000 0
48.5000 0
49.0000 0
49.5000 1
50.0000 0
50.5000 0
51.0000 0
51.5000 0
52.0000 1
52.5000 0
53.0000 0
53.5000 1
54.0000 1
54.5000 0
55.0000 0
55.5000 1
56.0000 0
56.5000 1
57.0000 0
57.5000 1
58.0000 0
58.5000 0
59.0000 1
59.5000 0
60.0000 3
60.5000 2
61.0000 1
61.5000 3
62.0000 1
62.5000 1
63.0000 1
63.5000 5
64.0000 6
64.5000 10
65.0000 8
65.5000 5
66.0000 8
66.5000 13
67.0000 14
67.5000 6
68.0000 15
68.5000 18
69.0000 22
69.5000 18
70.0000 21
70.5000 32
71.0000 36
71.5000 42
72.0000 57
72.5000 48
73.0000 52
73.5000 56
74.0000 65
74.5000 72
75.0000 78
75.5000 91
76.0000 93
76.5000 99
77.0000 105
77.5000 122
78.0000 129
78.5000 159
79.0000 162
79.5000 165
80.0000 162
80.5000 196
81.0000 197
81.5000 195
82.0000 216
82.5000 205
83.0000 224
83.5000 261
84.0000 247
84.5000 238
85.0000 251
85.5000 250
86.0000 252
86.5000 280
87.0000 269
87.5000 272
88.0000 292
88.5000 260
89.0000 313
89.5000 305
90.0000 328
90.5000 351
91.0000 324
91.5000 386
92.0000 342
92.5000 347
93.0000 372
93.5000 362
94.0000 365
94.5000 348
95.0000 373
95.5000 344
96.0000 361
96.5000 400
97.0000 404
97.5000 387
98.0000 401
98.5000 434
99.0000 397
99.5000 408
100.0000 414
100.5000 410
101.0000 446
101.5000 400
102.0000 395
102.5000 390
103.0000 402
103.5000 412
104.0000 412
104.5000 367
105.0000 412
105.5000 395
106.0000 402
106.5000 385
107.0000 363
107.5000 434
108.0000 410
108.5000 431
109.0000 391
109.5000 392
110.0000 416
110.5000 417
111.0000 381
111.5000 408
112.0000 377
112.5000 388
113.0000 431
113.5000 377
114.0000 396
114.5000 391
115.0000 413
115.5000 441
116.0000 396
116.5000 417
117.0000 407
117.5000 386
118.0000 417
118.5000 372
119.0000 382
119.5000 416
120.0000 349
120.5000 385
121.0000 389
121.5000 407
122.0000 370
122.5000 397
123.0000 395
123.5000 393
124.0000 388
124.5000 422
125.0000 410
125.5000 410
126.0000 357
126.5000 393
127.0000 347
127.5000 396
128.0000 391
128.5000 401
129.0000 385
129.5000 407
130.0000 372
130.5000 344
131.0000 384
131.5000 394
132.0000 387
132.5000 379
133.0000 369
133.5000 384
134.0000 356
134.5000 375
135.0000 406
135.5000 376
136.0000 389
136.5000 396
137.0000 358
137.5000 371
138.0000 392
138.5000 392
139.0000 344
139.5000 377
140.0000 365
140.5000 416
141.0000 369
141.5000 330
142.0000 332
142.5000 402
143.0000 426
143.5000 370
144.0000 370
144.5000 376
145.0000 358
145.5000 365
146.0000 369
146.5000 363
147.0000 336
147.5000 362
148.0000 382
148.5000 372
149.0000 371
149.5000 378
150.0000 378
150.5000 381
151.0000 393
151.5000 343
152.0000 334
152.5000 384
153.0000 343
153.5000 405
154.0000 359
154.5000 352
155.0000 377
155.5000 383
156.0000 363
156.5000 402
157.0000 361
157.5000 396
158.0000 373
158.5000 361
159.0000 395
159.5000 387
160.0000 358
160.5000 375
161.0000 350
161.5000 378
162.0000 409
162.5000 351
163.0000 369
163.5000 369
164.0000 445
164.5000 424
165.0000 390
165.5000 339
166.0000 363
166.5000 403
167.0000 383
167.5000 387
168.0000 351
168.5000 367
169.0000 376
169.5000 366
170.0000 369
170.5000 372
171.0000 366
171.5000 358
172.0000 372
172.5000 341
173.0000 399
173.5000 349
174.0000 344
174.5000 373
175.0000 385
175.5000 326
176.0000 389
176.5000 399
177.0000 333
177.5000 349
178.0000 393
178.5000 356
179.0000 378
179.5000 393
180.0000 388
180.5000 326
181.0000 354
181.5000 360
182.0000 368
182.5000 366
183.0000 380
183.5000 384
184.0000 380
184.5000 350
185.0000 355
185.5000 362
186.0000 351
186.5000 381
187.0000 399
187.5000 372
188.0000 391
188.5000 366
189.0000 363
189.5000 386
190.0000 338
190.5000 365
191.0000 402
191.5000 351
192.0000 331
192.5000 370
193.0000 379
193.5000 364
194.0000 347
194.5000 356
195.0000 385
195.5000 408
196.0000 352
196.5000 390
197.0000 389
197.5000 365
198.0000 378
198.5000 376
199.0000 393
199.5000 345
