0.0000 0
0.5000 0
1.0000 0
1.5000 0
2.0000 0
2.5000 0
3.0000 1
3.5000 0
4.0000 0
4.5000 0
5.0000 0
5.5000 0
6.0000 0
6.5000 0
7.0000 0
7.5000 0
8.0000 0
8.5000 1
9.0000 0
9.5000 0
10.0000 0
10.5000 1
11.0000 0
11.5000 0
12.0000 0
12.5000 0
13.0000 0
13.5000 0
14.0000 0
14.5000 0
15.0000 0
15.5000 0
16.0000 0
16.5000 0
17.0000 0
17.5000 0
18.0000 0
18.5000 0
19.0000 1
19.5000 0
20.0000 0
20.5000 0
21.0000 1
21.5000 0
22.0000 0
22.5000 0
23.0000 0
23.5000 0
24.0000 0
24.5000 1
25.0000 0
25.5000 1
26.0000 0
26.5000 0
27.0000 1
27.5000 0
28.0000 1
28.5000 1
29.0000 1
29.5000 2
30.0000 0
30.5000 0
31.0000 0
31.5000 0
32.0000 3
32.5000 0
33.0000 3
33.5000 2
34.0000 0
34.5000 0
35.0000 0
35.5000 0
36.0000 0
36.5000 0
37.0000 0
37.5000 0
38.0000 1
38.5000 1
39.0000 0
39.5000 0
40.0000 0
40.5000 1
41.0000 0
41.5000 1
42.0000 0
42.5000 1
43.0000 0
43.5000 0
44.0000 0
44.5000 0
45.0000 0
45.5000 0
46.0000 0
46.5000 0
47.0000 1
47.5000 0
48.0000 0
48.5000 0
49.0000 0
49.5000 1
50.0000 0
50.5000 0
51.0000 0
51.5000 0
52.0000 0
52.5000 0
53.0000 0
53.5000 0
54.0000 1
54.5000 1
55.0000 0
55.5000 0
56.0000 0
56.5000 0
57.0000 0
57.5000 1
58.0000 4
58.5000 0
59.0000 1
59.5000 1
60.0000 0
60.5000 3
61.0000 2
61.5000 3
62.0000 1
62.5000 8
63.0000 4
63.5000 8
64.0000 7
64.5000 7
65.0000 8
65.5000 10
66.0000 15
66.5000 11
67.0000 14
67.5000 17
68.0000 19
68.5000 22
69.0000 30
69.5000 35
70.0000 32
70.5000 51
71.0000 57
71.5000 74
72.0000 80
72.5000 69
73.0000 86
73.5000 90
74.0000 106
74.5000 129
75.0000 107
75.5000 118
76.0000 153
76.5000 165
77.0000 183
77.5000 174
78.0000 184
78.5000 189
79.0000 226
79.5000 257
80.0000 250
80.5000 237
81.0000 238
81.5000 316
82.0000 271
82.5000 314
83.0000 282
83.5000 331
84.0000 335
84.5000 351
85.0000 319
85.5000 395
86.0000 386
86.5000 391
87.0000 393
87.5000 416
88.0000 432
88.5000 442
89.0000 487
89.5000 464
90.0000 478
90.5000 503
91.0000 520
91.5000 486
92.0000 528
92.5000 504
93.0000 481
93.5000 558
94.0000 556
94.5000 554
95.0000 607
95.5000 508
96.0000 593
96.5000 561
97.0000 589
97.5000 581
98.0000 570
98.5000 596
99.0000 624
99.5000 566
100.0000 592
100.5000 595
101.0000 607
101.5000 581
102.0000 607
102.5000 623
103.0000 618
103.5000 587
104.0000 631
104.5000 604
105.0000 608
105.5000 610
106.0000 550
106.5000 581
107.0000 572
107.5000 610
108.0000 576
108.5000 630
109.0000 562
109.5000 568
110.0000 583
110.5000 585
111.0000 588
111.5000 618
112.0000 584
112.5000 614
113.0000 588
113.5000 567
114.0000 571
114.5000 578
115.0000 583
115.5000 610
116.0000 604
116.5000 573
117.0000 594
117.5000 569
118.0000 559
118.5000 607
119.0000 614
119.5000 552
120.0000 565
120.5000 542
121.0000 611
121.5000 540
122.0000 589
122.5000 553
123.0000 572
123.5000 600
124.0000 603
124.5000 574
125.0000 577
125.5000 598
126.0000 590
126.5000 570
127.0000 572
127.5000 576
128.0000 521
128.5000 555
129.0000 541
129.5000 551
130.0000 568
130.5000 582
131.0000 541
131.5000 564
132.0000 598
132.5000 570
133.0000 562
133.5000 614
134.0000 564
134.5000 587
135.0000 543
135.5000 550
136.0000 585
136.5000 548
137.0000 561
137.5000 580
138.0000 591
138.5000 641
139.0000 583
139.5000 550
140.0000 577
140.5000 544
141.0000 573
141.5000 582
142.0000 604
142.5000 532
143.0000 571
143.5000 594
144.0000 530
144.5000 592
145.0000 574
145.5000 581
146.0000 539
146.5000 568
147.0000 556
147.5000 577
148.0000 574
148.5000 581
149.0000 562
149.5000 554
150.0000 580
150.5000 569
151.0000 532
151.5000 527
152.0000 575
152.5000 526
153.0000 557
153.5000 517
154.0000 529
154.5000 535
155.0000 558
155.5000 546
156.0000 566
156.5000 552
157.0000 558
157.5000 561
158.0000 554
158.5000 522
159.0000 582
159.5000 533
160.0000 558
160.5000 527
161.0000 538
161.5000 528
162.0000 533
162.5000 548
163.0000 527
163.5000 564
164.0000 568
164.5000 557
165.0000 590
165.5000 554
166.0000 538
166.5000 552
167.0000 571
167.5000 576
168.0000 563
168.5000 515
169.0000 556
169.5000 564
170.0000 537
170.5000 553
171.0000 557
171.5000 525
172.0000 537
172.5000 560
173.0000 609
173.5000 541
174.0000 530
174.5000 509
175.0000 500
175.5000 526
176.0000 530
176.5000 552
177.0000 516
177.5000 557
178.0000 547
178.5000 497
179.0000 531
179.5000 503
180.0000 518
180.5000 537
181.0000 545
181.5000 516
182.0000 513
182.5000 537
183.0000 494
183.5000 549
184.0000 554
184.5000 565
185.0000 520
185.5000 583
186.0000 546
186.5000 529
187.0000 526
187.5000 585
188.0000 551
188.5000 540
189.0000 550
189.5000 554
190.0000 550
190.5000 530
191.0000 548
191.5000 557
192.0000 525
192.5000 554
193.0000 560
193.5000 551
194.0000 541
194.5000 492
195.0000 523
195.5000 524
196.0000 475
196.5000 551
197.0000 533
197.5000 548
198.0000 565
198.5000 550
199.0000 560
199.5000 553
