0.0000 0
0.5000 1
1.0000 0
1.5000 0
2.0000 0
2.5000 1
3.0000 0
3.5000 0
4.0000 1
4.5000 1
5.0000 0
5.5000 0
6.0000 0
6.5000 1
7.0000 1
7.5000 0
8.0000 0
8.5000 0
9.0000 0
9.5000 0
10.0000 0
10.5000 0
11.0000 0
11.5000 0
12.0000 0
12.5000 0
13.0000 0
13.5000 0
14.0000 0
14.5000 0
15.0000 0
15.5000 0
16.0000 0
16.5000 0
17.0000 0
17.5000 0
18.0000 0
18.5000 0
19.0000 0
19.5000 0
20.0000 1
20.5000 0
21.0000 0
21.5000 0
22.0000 0
22.5000 0
23.0000 0
23.5000 0
24.0000 0
24.5000 1
25.0000 0
25.5000 0
26.0000 1
26.5000 0
27.0000 0
27.5000 0
28.0000 0
28.5000 2
29.0000 1
29.5000 0
30.0000 0
30.5000 2
31.0000 2
31.5000 0
32.0000 1
32.5000 0
33.0000 0
33.5000 0
34.0000 0
34.5000 0
35.0000 1
35.5000 0
36.0000 0
36.5000 0
37.0000 0
37.5000 1
38.0000 0
38.5000 0
39.0000 1
39.5000 2
40.0000 0
40.5000 0
41.0000 1
41.5000 0
42.0000 0
42.5000 0
43.0000 0
43.5000 0
44.0000 0
44.5000 2
45.0000 0
45.5000 0
46.0000 0
46.5000 0
47.0000 1
47.5000 1
48.0000 0
48.5000 0
49.0000 0
49.5000 0
50.0000 0
50.5000 0
51.0000 0
51.5000 0
52.0000 0
52.5000 0
53.0000 1
53.5000 1
54.0000 1
54.5000 0
55.0000 0
55.5000 2
56.0000 1
56.5000 3
57.0000 1
57.5000 0
58.0000 2
58.5000 0
59.0000 0
59.5000 4
60.0000 1
60.5000 3
61.0000 3
61.5000 6
62.0000 8
62.5000 3
63.0000 8
63.5000 6
64.0000 7
64.5000 8
65.0000 11
65.5000 9
66.0000 20
66.5000 16
67.0000 18
67.5000 33
68.0000 28
68.5000 21
69.0000 30
69.5000 44
70.0000 51
70.5000 57
71.0000 49
71.5000 56
72.0000 98
72.5000 102
73.0000 86
73.5000 97
74.0000 117
74.5000 131
75.0000 134
75.5000 142
76.0000 162
76.5000 171
77.0000 192
77.5000 193
78.0000 211
78.5000 247
79.0000 219
79.5000 255
80.0000 237
80.5000 261
81.0000 271
81.5000 280
82.0000 328
82.5000 272
83.0000 338
83.5000 307
84.0000 348
84.5000 320
85.0000 369
85.5000 382
86.0000 386
86.5000 404
87.0000 408
87.5000 379
88.0000 446
88.5000 442
89.0000 440
89.5000 463
90.0000 456
90.5000 464
91.0000 458
91.5000 479
92.0000 543
92.5000 491
93.0000 488
93.5000 535
94.0000 526
94.5000 518
95.0000 580
95.5000 523
96.0000 527
96.5000 517
97.0000 535
97.5000 573
98.0000 576
98.5000 559
99.0000 531
99.5000 589
100.0000 662
100.5000 584
101.0000 569
101.5000 551
102.0000 542
102.5000 589
103.0000 570
103.5000 545
104.0000 540
104.5000 575
105.0000 591
105.5000 524
106.0000 553
106.5000 545
107.0000 545
107.5000 565
108.0000 538
108.5000 544
109.0000 563
109.5000 590
110.0000 566
110.5000 539
111.0000 545
111.5000 553
112.0000 535
112.5000 587
113.0000 556
113.5000 546
114.0000 541
114.5000 586
115.0000 521
115.5000 543
116.0000 527
116.5000 529
117.0000 567
117.5000 554
118.0000 539
118.5000 556
119.0000 551
119.5000 561
120.0000 508
120.5000 516
121.0000 592
121.5000 564
122.0000 541
122.5000 502
123.0000 547
123.5000 566
124.0000 541
124.5000 572
125.0000 565
125.5000 554
126.0000 510
126.5000 536
127.0000 466
127.5000 557
128.0000 526
128.5000 545
129.0000 535
129.5000 522
130.0000 501
130.5000 514
131.0000 530
131.5000 546
132.0000 528
132.5000 516
133.0000 501
133.5000 553
134.0000 491
134.5000 540
135.0000 538
135.5000 542
136.0000 564
136.5000 515
137.0000 536
137.5000 540
138.0000 531
138.5000 527
139.0000 512
139.5000 586
140.0000 506
140.5000 505
141.0000 551
141.5000 522
142.0000 512
142.5000 562
143.0000 500
143.5000 522
144.0000 541
144.5000 486
145.0000 546
145.5000 522
146.0000 510
146.5000 493
147.0000 537
147.5000 505
148.0000 490
148.5000 519
149.0000 489
149.5000 538
150.0000 513
150.5000 512
151.0000 545
151.5000 506
152.0000 539
152.5000 534
153.0000 502
153.5000 543
154.0000 524
154.5000 546
155.0000 537
155.5000 560
156.0000 512
156.5000 473
157.0000 528
157.5000 552
158.0000 503
158.5000 519
159.0000 543
159.5000 507
160.0000 491
160.5000 483
161.0000 463
161.5000 493
162.0000 502
162.5000 564
163.0000 518
163.5000 571
164.0000 510
164.5000 503
165.0000 536
165.5000 513
166.0000 499
166.5000 491
167.0000 501
167.5000 513
168.0000 504
168.5000 526
169.0000 513
169.5000 506
170.0000 514
170.5000 501
171.0000 473
171.5000 485
172.0000 522
172.5000 482
173.0000 482
173.5000 565
174.0000 510
174.5000 510
175.0000 525
175.5000 536
176.0000 520
176.5000 527
177.0000 542
177.5000 466
178.0000 529
178.5000 527
179.0000 548
179.5000 540
180.0000 559
180.5000 523
181.0000 505
181.5000 500
182.0000 522
182.5000 497
183.0000 512
183.5000 550
184.0000 489
184.5000 509
185.0000 516
185.5000 496
186.0000 510
186.5000 537
187.0000 471
187.5000 482
188.0000 468
188.5000 526
189.0000 507
189.5000 495
190.0000 471
190.5000 514
191.0000 537
191.5000 540
192.0000 526
192.5000 513
193.0000 515
193.5000 536
194.0000 538
194.5000 542
195.0000 503
195.5000 508
196.0000 486
196.5000 491
197.0000 509
197.5000 483
198.0000 503
198.5000 486
199.0000 499
199.5000 530
