0.0000 0
0.5000 0
1.0000 0
1.5000 0
2.0000 1
2.5000 0
3.0000 0
3.5000 0
4.0000 2
4.5000 0
5.0000 0
5.5000 0
6.0000 0
6.5000 1
7.0000 0
7.5000 0
8.0000 0
8.5000 0
9.0000 0
9.5000 1
10.0000 0
10.5000 0
11.0000 0
11.5000 0
12.0000 1
12.5000 0
13.0000 0
13.5000 0
14.0000 0
14.5000 0
15.0000 1
15.5000 0
16.0000 0
16.5000 0
17.0000 1
17.5000 0
18.0000 1
18.5000 1
19.0000 0
19.5000 0
20.0000 1
20.5000 1
21.0000 0
21.5000 0
22.0000 0
22.5000 1
23.0000 0
23.5000 0
24.0000 0
24.5000 0
25.0000 0
25.5000 0
26.0000 0
26.5000 0
27.0000 1
27.5000 0
28.0000 0
28.5000 0
29.0000 0
29.5000 0
30.0000 0
30.5000 0
31.0000 0
31.5000 0
32.0000 0
32.5000 0
33.0000 0
33.5000 0
34.0000 0
34.5000 0
35.0000 0
35.5000 0
36.0000 0
36.5000 0
37.0000 0
37.5000 0
38.0000 0
38.5000 0
39.0000 0
39.5000 0
40.0000 0
40.5000 1
41.0000 0
41.5000 0
42.0000 0
42.5000 0
43.0000 0
43.5000 0
44.0000 0
44.5000 0
45.0000 0
45.5000 0
46.0000 0
46.5000 0
47.0000 0
47.5000 0
48.0000 0
48.5000 0
49.0000 0
49.5000 0
50.0000 1
50.5000 0
51.0000 1
51.5000 0
52.0000 0
52.5000 1
53.0000 1
53.5000 1
54.0000 0
54.5000 1
55.0000 0
55.5000 0
56.0000 1
56.5000 0
57.0000 0
57.5000 1
58.0000 0
58.5000 3
59.0000 1
59.5000 2
60.0000 2
60.5000 4
61.0000 1
61.5000 3
62.0000 0
62.5000 2
63.0000 0
63.5000 5
64.0000 5
64.5000 12
65.0000 8
65.5000 7
66.0000 12
66.5000 11
67.0000 14
67.5000 15
68.0000 18
68.5000 24
69.0000 18
69.5000 30
70.0000 39
70.5000 45
71.0000 45
71.5000 51
72.0000 59
72.5000 71
73.0000 69
73.5000 94
74.0000 95
74.5000 88
75.0000 113
75.5000 134
76.0000 151
76.5000 135
77.0000 143
77.5000 163
78.0000 173
78.5000 176
79.0000 201
79.5000 188
80.0000 197
80.5000 210
81.0000 259
81.5000 256
82.0000 274
82.5000 272
83.0000 301
83.5000 276
84.0000 299
84.5000 318
85.0000 320
85.5000 355
86.0000 398
86.5000 379
87.0000 376
87.5000 410
88.0000 401
88.5000 394
89.0000 417
89.5000 401
90.0000 434
90.5000 443
91.0000 441
91.5000 437
92.0000 479
92.5000 462
93.0000 457
93.5000 452
94.0000 476
94.5000 507
95.0000 492
95.5000 471
96.0000 512
96.5000 486
97.0000 521
97.5000 458
98.0000 544
98.5000 504
99.0000 505
99.5000 520
100.0000 509
100.5000 547
101.0000 513
101.5000 569
102.0000 520
102.5000 517
103.0000 518
103.5000 504
104.0000 534
104.5000 523
105.0000 513
105.5000 528
106.0000 526
106.5000 525
107.0000 558
107.5000 539
108.0000 536
108.5000 539
109.0000 520
109.5000 512
110.0000 574
110.5000 524
111.0000 567
111.5000 535
112.0000 523
112.5000 543
113.0000 482
113.5000 531
114.0000 541
114.5000 574
115.0000 491
115.5000 498
116.0000 557
116.5000 550
117.0000 488
117.5000 491
118.0000 518
118.5000 528
119.0000 527
119.5000 479
120.0000 523
120.5000 490
121.0000 531
121.5000 534
122.0000 488
122.5000 513
123.0000 526
123.5000 505
124.0000 537
124.5000 531
125.0000 467
125.5000 471
126.0000 477
126.5000 465
127.0000 534
127.5000 481
128.0000 508
128.5000 524
129.0000 521
129.5000 474
130.0000 503
130.5000 514
131.0000 487
131.5000 512
132.0000 487
132.5000 512
133.0000 505
133.5000 508
134.0000 488
134.5000 523
135.0000 484
135.5000 491
136.0000 521
136.5000 504
137.0000 513
137.5000 525
138.0000 501
138.5000 540
139.0000 525
139.5000 490
140.0000 488
140.5000 474
141.0000 489
141.5000 476
142.0000 477
142.5000 471
143.0000 519
143.5000 519
144.0000 531
144.5000 491
145.0000 491
145.5000 515
146.0000 464
146.5000 519
147.0000 494
147.5000 519
148.0000 464
148.5000 493
149.0000 532
149.5000 481
150.0000 469
150.5000 487
151.0000 477
151.5000 504
152.0000 496
152.5000 524
153.0000 494
153.5000 489
154.0000 488
154.5000 488
155.0000 460
155.5000 469
156.0000 521
156.5000 497
157.0000 505
157.5000 555
158.0000 489
158.5000 497
159.0000 542
159.5000 504
160.0000 499
160.5000 496
161.0000 510
161.5000 493
162.0000 496
162.5000 520
163.0000 475
163.5000 454
164.0000 492
164.5000 499
165.0000 507
165.5000 464
166.0000 502
166.5000 442
167.0000 460
167.5000 506
168.0000 493
168.5000 495
169.0000 494
169.5000 498
170.0000 477
170.5000 521
171.0000 487
171.5000 519
172.0000 509
172.5000 496
173.0000 504
173.5000 502
174.0000 463
174.5000 502
175.0000 473
175.5000 493
176.0000 484
176.5000 480
177.0000 474
177.5000 515
178.0000 492
178.5000 502
179.0000 476
179.5000 476
180.0000 510
180.5000 507
181.0000 536
181.5000 507
182.0000 507
182.5000 464
183.0000 509
183.5000 506
184.0000 516
184.5000 527
185.0000 507
185.5000 494
186.0000 513
186.5000 455
187.0000 490
187.5000 468
188.0000 437
188.5000 498
189.0000 490
189.5000 475
190.0000 487
190.5000 496
191.0000 493
191.5000 478
192.0000 515
192.5000 498
193.0000 477
193.5000 480
194.0000 473
194.5000 458
195.0000 558
195.5000 505
196.0000 447
196.5000 521
197.0000 488
197.5000 484
198.0000 474
198.5000 497
199.0000 525
199.5000 510
