0.0000 0
0.5000 0
1.0000 1
1.5000 0
2.0000 0
2.5000 0
3.0000 0
3.5000 0
4.0000 0
4.5000 0
5.0000 0
5.5000 0
6.0000 0
6.5000 0
7.0000 0
7.5000 0
8.0000 0
8.5000 0
9.0000 0
9.5000 0
10.0000 0
10.5000 0
11.0000 0
11.5000 0
12.0000 0
12.5000 0
13.0000 0
13.5000 0
14.0000 0
14.5000 0
15.0000 0
15.5000 0
16.0000 0
16.5000 0
17.0000 1
17.5000 0
18.0000 0
18.5000 1
19.0000 0
19.5000 0
20.0000 0
20.5000 0
21.0000 0
21.5000 0
22.0000 0
22.5000 0
23.0000 0
23.5000 0
24.0000 0
24.5000 0
25.0000 0
25.5000 0
26.0000 0
26.5000 0
27.0000 0
27.5000 0
28.0000 1
28.5000 0
29.0000 1
29.5000 0
30.0000 0
30.5000 0
31.0000 0
31.5000 0
32.0000 0
32.5000 0
33.0000 0
33.5000 0
34.0000 1
34.5000 1
35.0000 0
35.5000 0
36.0000 0
36.5000 0
37.0000 0
37.5000 0
38.0000 0
38.5000 0
39.0000 0
39.5000 0
40.0000 0
40.5000 0
41.0000 1
41.5000 0
42.0000 0
42.5000 1
43.0000 0
43.5000 0
44.0000 0
44.5000 0
45.0000 0
45.5000 0
46.0000 0
46.5000 1
47.0000 0
47.5000 0
48.0000 0
48.5000 0
49.0000 0
49.5000 0
50.0000 0
50.5000 0
51.0000 0
51.5000 1
52.0000 0
52.5000 3
53.0000 1
53.5000 3
54.0000 0
54.5000 0
55.0000 0
55.5000 0
56.0000 3
56.5000 2
57.0000 0
57.5000 4
58.0000 3
58.5000 2
59.0000 6
59.5000 3
60.0000 3
60.5000 1
61.0000 2
61.5000 5
62.0000 12
62.5000 6
63.0000 11
63.5000 9
64.0000 5
64.5000 17
65.0000 11
65.5000 24
66.0000 20
66.5000 27
67.0000 28
67.5000 40
68.0000 39
68.5000 50
69.0000 69
69.5000 66
70.0000 87
70.5000 77
71.0000 98
71.5000 100
72.0000 108
72.5000 134
73.0000 142
73.5000 156
74.0000 160
74.5000 196
75.0000 201
75.5000 215
76.0000 239
76.5000 256
77.0000 281
77.5000 293
78.0000 309
78.5000 313
79.0000 341
79.5000 351
80.0000 360
80.5000 373
81.0000 397
81.5000 427
82.0000 408
82.5000 443
83.0000 441
83.5000 482
84.0000 517
84.5000 535
85.0000 525
85.5000 538
86.0000 532
86.5000 616
87.0000 575
87.5000 602
88.0000 647
88.5000 617
89.0000 627
89.5000 704
90.0000 655
90.5000 688
91.0000 728
91.5000 696
92.0000 704
92.5000 730
93.0000 737
93.5000 759
94.0000 758
94.5000 753
95.0000 749
95.5000 792
96.0000 798
96.5000 768
97.0000 796
97.5000 818
98.0000 799
98.5000 823
99.0000 795
99.5000 801
100.0000 853
100.5000 773
101.0000 794
101.5000 842
102.0000 871
102.5000 847
103.0000 836
103.5000 793
104.0000 798
104.5000 890
105.0000 843
105.5000 809
106.0000 791
106.5000 823
107.0000 852
107.5000 806
108.0000 778
108.5000 828
109.0000 793
109.5000 783
110.0000 786
110.5000 841
111.0000 842
111.5000 774
112.0000 804
112.5000 841
113.0000 802
113.5000 826
114.0000 829
114.5000 775
115.0000 791
115.5000 827
116.0000 766
116.5000 736
117.0000 794
117.5000 798
118.0000 756
118.5000 736
119.0000 822
119.5000 800
120.0000 751
120.5000 804
121.0000 781
121.5000 786
122.0000 780
122.5000 788
123.0000 733
123.5000 763
124.0000 846
124.5000 796
125.0000 772
125.5000 798
126.0000 783
126.5000 747
127.0000 781
127.5000 797
128.0000 744
128.5000 802
129.0000 760
129.5000 704
130.0000 795
130.5000 759
131.0000 758
131.5000 732
132.0000 806
132.5000 781
133.0000 766
133.5000 791
134.0000 763
134.5000 803
135.0000 779
135.5000 776
136.0000 760
136.5000 736
137.0000 748
137.5000 729
138.0000 770
138.5000 749
139.0000 768
139.5000 853
140.0000 797
140.5000 796
141.0000 725
141.5000 784
142.0000 737
142.5000 772
143.0000 720
143.5000 787
144.0000 773
144.5000 778
145.0000 752
145.5000 752
146.0000 796
146.5000 758
147.0000 751
147.5000 761
148.0000 748
148.5000 765
149.0000 786
149.5000 796
150.0000 784
150.5000 745
151.0000 797
151.5000 769
152.0000 747
152.5000 763
153.0000 768
153.5000 824
154.0000 779
154.5000 792
155.0000 770
155.5000 740
156.0000 763
156.5000 729
157.0000 772
157.5000 748
158.0000 743
158.5000 741
159.0000 788
159.5000 782
160.0000 745
160.5000 722
161.0000 760
161.5000 816
162.0000 763
162.5000 751
163.0000 738
163.5000 721
164.0000 746
164.5000 719
165.0000 783
165.5000 736
166.0000 751
166.5000 731
167.0000 755
167.5000 758
168.0000 758
168.5000 744
169.0000 728
169.5000 738
170.0000 789
170.5000 751
171.0000 711
171.5000 766
172.0000 750
172.5000 784
173.0000 769
173.5000 722
174.0000 738
174.5000 733
175.0000 699
175.5000 764
176.0000 811
176.5000 773
177.0000 781
177.5000 785
178.0000 752
178.5000 717
179.0000 786
179.5000 740
180.0000 751
180.5000 734
181.0000 719
181.5000 790
182.0000 799
182.5000 778
183.0000 696
183.5000 723
184.0000 731
184.5000 721
185.0000 689
185.5000 705
186.0000 767
186.5000 803
187.0000 776
187.5000 750
188.0000 705
188.5000 772
189.0000 772
189.5000 751
190.0000 694
190.5000 765
191.0000 756
191.5000 717
192.0000 707
192.5000 741
193.0000 722
193.5000 712
194.0000 741
194.5000 692
195.0000 736
195.5000 733
196.0000 725
196.5000 749
197.0000 762
197.5000 722
198.0000 720
198.5000 734
199.0000 741
199.5000 745
