0.0000 0
0.5000 0
1.0000 1
1.5000 0
2.0000 0
2.5000 0
3.0000 0
3.5000 0
4.0000 0
4.5000 0
5.0000 0
5.5000 0
6.0000 0
6.5000 0
7.0000 0
7.5000 0
8.0000 0
8.5000 0
9.0000 0
9.5000 0
10.0000 0
10.5000 0
11.0000 0
11.5000 1
12.0000 1
12.5000 0
13.0000 0
13.5000 0
14.0000 0
14.5000 0
15.0000 0
15.5000 0
16.0000 0
16.5000 0
17.0000 0
17.5000 0
18.0000 0
18.5000 2
19.0000 0
19.5000 0
20.0000 0
20.5000 0
21.0000 0
21.5000 0
22.0000 0
22.5000 1
23.0000 0
23.5000 0
24.0000 0
24.5000 0
25.0000 0
25.5000 0
26.0000 0
26.5000 0
27.0000 0
27.5000 0
28.0000 0
28.5000 0
29.0000 0
29.5000 0
30.0000 0
30.5000 1
31.0000 0
31.5000 0
32.0000 1
32.5000 0
33.0000 1
33.5000 0
34.0000 1
34.5000 0
35.0000 0
35.5000 0
36.0000 0
36.5000 0
37.0000 0
37.5000 0
38.0000 0
38.5000 0
39.0000 0
39.5000 0
40.0000 0
40.5000 1
41.0000 0
41.5000 0
42.0000 0
42.5000 0
43.0000 1
43.5000 0
44.0000 0
44.5000 1
45.0000 1
45.5000 0
46.0000 0
46.5000 1
47.0000 0
47.5000 0
48.0000 1
48.5000 0
49.0000 0
49.5000 0
50.0000 0
50.5000 0
51.0000 0
51.5000 0
52.0000 1
52.5000 0
53.0000 0
53.5000 0
54.0000 0
54.5000 0
55.0000 0
55.5000 0
56.0000 0
56.5000 1
57.0000 0
57.5000 0
58.0000 0
58.5000 0
59.0000 0
59.5000 0
60.0000 1
60.5000 0
61.0000 0
61.5000 0
62.0000 0
62.5000 0
63.0000 0
63.5000 0
64.0000 0
64.5000 0
65.0000 0
65.5000 0
66.0000 0
66.5000 0
67.0000 1
67.5000 0
68.0000 2
68.5000 0
69.0000 1
69.5000 0
70.0000 1
70.5000 0
71.0000 1
71.5000 0
72.0000 0
72.5000 0
73.0000 1
73.5000 2
74.0000 3
74.5000 0
75.0000 2
75.5000 2
76.0000 1
76.5000 0
77.0000 3
77.5000 0
78.0000 5
78.5000 4
79.0000 1
79.5000 4
80.0000 2
80.5000 5
81.0000 7
81.5000 4
82.0000 4
82.5000 4
83.0000 8
83.5000 5
84.0000 9
84.5000 6
85.0000 11
85.5000 9
86.0000 12
86.5000 8
87.0000 9
87.5000 6
88.0000 3
88.5000 13
89.0000 12
89.5000 14
90.0000 8
90.5000 13
91.0000 23
91.5000 15
92.0000 16
92.5000 22
93.0000 20
93.5000 18
94.0000 16
94.5000 20
95.0000 18
95.5000 23
96.0000 22
96.5000 21
97.0000 29
97.5000 23
98.0000 37
98.5000 21
99.0000 18
99.5000 20
100.0000 23
100.5000 27
101.0000 34
101.5000 42
102.0000 33
102.5000 42
103.0000 38
103.5000 34
104.0000 33
104.5000 31
105.0000 35
105.5000 37
106.0000 40
106.5000 44
107.0000 41
107.5000 53
108.0000 40
108.5000 32
109.0000 40
109.5000 39
110.0000 38
110.5000 32
111.0000 44
111.5000 39
112.0000 53
112.5000 39
113.0000 37
113.5000 38
114.0000 36
114.5000 33
115.0000 37
115.5000 49
116.0000 41
116.5000 55
117.0000 35
117.5000 45
118.0000 54
118.5000 52
119.0000 45
119.5000 38
120.0000 45
120.5000 46
121.0000 62
121.5000 43
122.0000 47
122.5000 49
123.0000 48
123.5000 43
124.0000 38
124.5000 36
125.0000 58
125.5000 38
126.0000 52
126.5000 46
127.0000 37
127.5000 42
128.0000 41
128.5000 44
129.0000 56
129.5000 48
130.0000 50
130.5000 53
131.0000 37
131.5000 42
132.0000 43
132.5000 47
133.0000 41
133.5000 40
134.0000 45
134.5000 43
135.0000 33
135.5000 50
136.0000 38
136.5000 47
137.0000 49
137.5000 40
138.0000 37
138.5000 41
139.0000 42
139.5000 48
140.0000 40
140.5000 48
141.0000 42
141.5000 43
142.0000 39
142.5000 49
143.0000 48
143.5000 39
144.0000 39
144.5000 42
145.0000 42
145.5000 40
146.0000 46
146.5000 39
147.0000 41
147.5000 50
148.0000 39
148.5000 33
149.0000 32
149.5000 37
150.0000 47
150.5000 43
151.0000 40
151.5000 39
152.0000 37
152.5000 54
153.0000 41
153.5000 44
154.0000 43
154.5000 41
155.0000 45
155.5000 41
156.0000 51
156.5000 35
157.0000 43
157.5000 45
158.0000 38
158.5000 26
159.0000 39
159.5000 30
160.0000 45
160.5000 37
161.0000 48
161.5000 36
162.0000 40
162.5000 42
163.0000 35
163.5000 39
164.0000 43
164.5000 44
165.0000 40
165.5000 40
166.0000 42
166.5000 31
167.0000 46
167.5000 36
168.0000 36
168.5000 43
169.0000 45
169.5000 47
170.0000 36
170.5000 56
171.0000 35
171.5000 33
172.0000 37
172.5000 47
173.0000 48
173.5000 47
174.0000 53
174.5000 42
175.0000 41
175.5000 39
176.0000 41
176.5000 44
177.0000 33
177.5000 35
178.0000 35
178.5000 45
179.0000 35
179.5000 39
180.0000 42
180.5000 55
181.0000 52
181.5000 50
182.0000 46
182.5000 35
183.0000 32
183.5000 40
184.0000 33
184.5000 35
185.0000 43
185.5000 35
186.0000 51
186.5000 43
187.0000 51
187.5000 46
188.0000 39
188.5000 40
189.0000 48
189.5000 39
190.0000 37
190.5000 37
191.0000 44
191.5000 44
192.0000 39
192.5000 37
193.0000 37
193.5000 46
194.0000 52
194.5000 34
195.0000 35
195.5000 40
196.0000 38
196.5000 30
197.0000 43
197.5000 42
198.0000 43
198.5000 39
199.0000 45
199.5000 42
