0.0000 0
0.5000 2
1.0000 0
1.5000 0
2.0000 0
2.5000 0
3.0000 0
3.5000 0
4.0000 0
4.5000 0
5.0000 0
5.5000 0
6.0000 0
6.5000 0
7.0000 0
7.5000 1
8.0000 0
8.5000 0
9.0000 0
9.5000 0
10.0000 0
10.5000 0
11.0000 0
11.5000 0
12.0000 0
12.5000 0
13.0000 0
13.5000 0
14.0000 1
14.5000 0
15.0000 0
15.5000 3
16.0000 0
16.5000 0
17.0000 0
17.5000 1
18.0000 1
18.5000 0
19.0000 0
19.5000 0
20.0000 0
20.5000 0
21.0000 0
21.5000 1
22.0000 0
22.5000 0
23.0000 1
23.5000 0
24.0000 0
24.5000 1
25.0000 0
25.5000 1
26.0000 0
26.5000 0
27.0000 0
27.5000 0
28.0000 0
28.5000 0
29.0000 1
29.5000 0
30.0000 0
30.5000 1
31.0000 0
31.5000 0
32.0000 1
32.5000 0
33.0000 0
33.5000 0
34.0000 0
34.5000 0
35.0000 0
35.5000 0
36.0000 0
36.5000 0
37.0000 0
37.5000 1
38.0000 0
38.5000 2
39.0000 0
39.5000 0
40.0000 0
40.5000 0
41.0000 1
41.5000 0
42.0000 0
42.5000 0
43.0000 2
43.5000 0
44.0000 0
44.5000 0
45.0000 0
45.5000 1
46.0000 0
46.5000 2
47.0000 0
47.5000 0
48.0000 0
48.5000 0
49.0000 1
49.5000 1
50.0000 0
50.5000 0
51.0000 1
51.5000 0
52.0000 0
52.5000 1
53.0000 1
53.5000 0
54.0000 0
54.5000 2
55.0000 0
55.5000 0
56.0000 0
56.5000 0
57.0000 1
57.5000 1
58.0000 0
58.5000 2
59.0000 1
59.5000 1
60.0000 1
60.5000 2
61.0000 2
61.5000 1
62.0000 3
62.5000 5
63.0000 2
63.5000 3
64.0000 5
64.5000 3
65.0000 7
65.5000 9
66.0000 12
66.5000 8
67.0000 12
67.5000 15
68.0000 10
68.5000 16
69.0000 19
69.5000 17
70.0000 40
70.5000 29
71.0000 40
71.5000 43
72.0000 47
72.5000 38
73.0000 58
73.5000 54
74.0000 69
74.5000 95
75.0000 97
75.5000 78
76.0000 109
76.5000 122
77.0000 102
77.5000 118
78.0000 122
78.5000 156
79.0000 157
79.5000 153
80.0000 166
80.5000 168
81.0000 168
81.5000 183
82.0000 208
82.5000 197
83.0000 194
83.5000 215
84.0000 214
84.5000 259
85.0000 247
85.5000 262
86.0000 251
86.5000 265
87.0000 261
87.5000 287
88.0000 230
88.5000 285
89.0000 298
89.5000 334
90.0000 354
90.5000 333
91.0000 316
91.5000 341
92.0000 315
92.5000 331
93.0000 349
93.5000 390
94.0000 365
94.5000 345
95.0000 401
95.5000 364
96.0000 374
96.5000 363
97.0000 379
97.5000 372
98.0000 380
98.5000 391
99.0000 329
99.5000 425
100.0000 392
100.5000 395
101.0000 397
101.5000 387
102.0000 435
102.5000 373
103.0000 387
103.5000 380
104.0000 370
104.5000 401
105.0000 409
105.5000 390
106.0000 398
106.5000 416
107.0000 422
107.5000 405
108.0000 405
108.5000 392
109.0000 385
109.5000 392
110.0000 411
110.5000 408
111.0000 397
111.5000 371
112.0000 366
112.5000 355
113.0000 386
113.5000 375
114.0000 402
114.5000 405
115.0000 413
115.5000 396
116.0000 350
116.5000 379
117.0000 379
117.5000 369
118.0000 401
118.5000 376
119.0000 376
119.5000 372
120.0000 377
120.5000 384
121.0000 341
121.5000 391
122.0000 347
122.5000 396
123.0000 370
123.5000 344
124.0000 387
124.5000 356
125.0000 397
125.5000 361
126.0000 390
126.5000 369
127.0000 371
127.5000 383
128.0000 382
128.5000 369
129.0000 339
129.5000 343
130.0000 370
130.5000 355
131.0000 350
131.5000 402
132.0000 343
132.5000 364
133.0000 393
133.5000 345
134.0000 369
134.5000 391
135.0000 376
135.5000 353
136.0000 389
136.5000 359
137.0000 400
137.5000 380
138.0000 369
138.5000 362
139.0000 371
139.5000 361
140.0000 384
140.5000 399
141.0000 366
141.5000 383
142.0000 352
142.5000 370
143.0000 351
143.5000 348
144.0000 367
144.5000 357
145.0000 397
145.5000 349
146.0000 390
146.5000 331
147.0000 339
147.5000 391
148.0000 333
148.5000 369
149.0000 378
149.5000 372
150.0000 375
150.5000 358
151.0000 377
151.5000 383
152.0000 381
152.5000 350
153.0000 369
153.5000 368
154.0000 377
154.5000 347
155.0000 372
155.5000 393
156.0000 362
156.5000 378
157.0000 324
157.5000 389
158.0000 349
158.5000 357
159.0000 379
159.5000 324
160.0000 364
160.5000 372
161.0000 340
161.5000 343
162.0000 362
162.5000 347
163.0000 357
163.5000 398
164.0000 357
164.5000 387
165.0000 329
165.5000 381
166.0000 356
166.5000 365
167.0000 371
167.5000 359
168.0000 349
168.5000 372
169.0000 368
169.5000 374
170.0000 386
170.5000 384
171.0000 363
171.5000 377
172.0000 363
172.5000 380
173.0000 338
173.5000 342
174.0000 329
174.5000 334
175.0000 335
175.5000 351
176.0000 371
176.5000 342
177.0000 348
177.5000 337
178.0000 336
178.5000 357
179.0000 358
179.5000 353
180.0000 350
180.5000 339
181.0000 332
181.5000 368
182.0000 363
182.5000 386
183.0000 359
183.5000 354
184.0000 382
184.5000 382
185.0000 352
185.5000 343
186.0000 352
186.5000 366
187.0000 352
187.5000 380
188.0000 369
188.5000 369
189.0000 354
189.5000 380
190.0000 370
190.5000 340
191.0000 366
191.5000 362
192.0000 337
192.5000 360
193.0000 368
193.5000 360
194.0000 324
194.5000 348
195.0000 335
195.5000 335
196.0000 360
196.5000 387
197.0000 333
197.5000 372
198.0000 356
198.5000 359
199.0000 356
199.5000 318
