0.0000 0
0.5000 0
1.0000 0
1.5000 0
2.0000 0
2.5000 0
3.0000 0
3.5000 0
4.0000 0
4.5000 0
5.0000 0
5.5000 0
6.0000 0
6.5000 0
7.0000 1
7.5000 0
8.0000 1
8.5000 0
9.0000 0
9.5000 2
10.0000 0
10.5000 0
11.0000 0
11.5000 0
12.0000 0
12.5000 0
13.0000 0
13.5000 0
14.0000 0
14.5000 0
15.0000 0
15.5000 0
16.0000 0
16.5000 0
17.0000 0
17.5000 1
18.0000 0
18.5000 0
19.0000 0
19.5000 0
20.0000 0
20.5000 0
21.0000 0
21.5000 0
22.0000 2
22.5000 0
23.0000 1
23.5000 1
24.0000 1
24.5000 0
25.0000 0
25.5000 0
26.0000 0
26.5000 0
27.0000 0
27.5000 0
28.0000 0
28.5000 0
29.0000 0
29.5000 1
30.0000 0
30.5000 0
31.0000 0
31.5000 0
32.0000 0
32.5000 0
33.0000 1
33.5000 1
34.0000 0
34.5000 0
35.0000 0
35.5000 0
36.0000 0
36.5000 0
37.0000 0
37.5000 0
38.0000 0
38.5000 0
39.0000 0
39.5000 0
40.0000 0
40.5000 0
41.0000 0
41.5000 0
42.0000 0
42.5000 1
43.0000 0
43.5000 0
44.0000 1
44.5000 0
45.0000 0
45.5000 0
46.0000 0
46.5000 0
47.0000 0
47.5000 0
48.0000 0
48.5000 0
49.0000 0
49.5000 1
50.0000 0
50.5000 2
51.0000 0
51.5000 0
52.0000 0
52.5000 0
53.0000 0
53.5000 0
54.0000 0
54.5000 1
55.0000 0
55.5000 0
56.0000 2
56.5000 1
57.0000 0
57.5000 3
58.0000 0
58.5000 0
59.0000 2
59.5000 0
60.0000 0
60.5000 2
61.0000 1
61.5000 5
62.0000 1
62.5000 3
63.0000 4
63.5000 2
64.0000 3
64.5000 7
65.0000 6
65.5000 6
66.0000 9
66.5000 8
67.0000 13
67.5000 14
68.0000 15
68.5000 19
69.0000 14
69.5000 18
70.0000 31
70.5000 36
71.0000 35
71.5000 44
72.0000 49
72.5000 66
73.0000 59
73.5000 60
74.0000 74
74.5000 98
75.0000 74
75.5000 86
76.0000 98
76.5000 87
77.0000 112
77.5000 131
78.0000 139
78.5000 142
79.0000 140
79.5000 169
80.0000 160
80.5000 169
81.0000 158
81.5000 207
82.0000 200
82.5000 178
83.0000 232
83.5000 204
84.0000 230
84.5000 250
85.0000 242
85.5000 243
86.0000 264
86.5000 308
87.0000 283
87.5000 287
88.0000 295
88.5000 295
89.0000 300
89.5000 313
90.0000 349
90.5000 334
91.0000 342
91.5000 325
92.0000 351
92.5000 364
93.0000 335
93.5000 382
94.0000 347
94.5000 385
95.0000 342
95.5000 372
96.0000 373
96.5000 393
97.0000 369
97.5000 398
98.0000 394
98.5000 412
99.0000 411
99.5000 398
100.0000 427
100.5000 404
101.0000 402
101.5000 413
102.0000 410
102.5000 395
103.0000 393
103.5000 383
104.0000 408
104.5000 389
105.0000 374
105.5000 419
106.0000 375
106.5000 383
107.0000 393
107.5000 398
108.0000 414
108.5000 444
109.0000 387
109.5000 374
110.0000 406
110.5000 387
111.0000 425
111.5000 382
112.0000 405
112.5000 407
113.0000 403
113.5000 397
114.0000 410
114.5000 384
115.0000 412
115.5000 394
116.0000 365
116.5000 373
117.0000 409
117.5000 415
118.0000 376
118.5000 378
119.0000 417
119.5000 396
120.0000 378
120.5000 401
121.0000 442
121.5000 372
122.0000 400
122.5000 384
123.0000 397
123.5000 425
124.0000 402
124.5000 386
125.0000 335
125.5000 419
126.0000 382
126.5000 417
127.0000 405
127.5000 393
128.0000 367
128.5000 393
129.0000 397
129.5000 393
130.0000 357
130.5000 364
131.0000 341
131.5000 394
132.0000 397
132.5000 389
133.0000 375
133.5000 396
134.0000 362
134.5000 345
135.0000 368
135.5000 393
136.0000 403
136.5000 398
137.0000 367
137.5000 386
138.0000 384
138.5000 399
139.0000 360
139.5000 386
140.0000 379
140.5000 376
141.0000 387
141.5000 377
142.0000 355
142.5000 374
143.0000 375
143.5000 372
144.0000 362
144.5000 357
145.0000 368
145.5000 387
146.0000 382
146.5000 392
147.0000 383
147.5000 387
148.0000 379
148.5000 394
149.0000 390
149.5000 345
150.0000 368
150.5000 380
151.0000 380
151.5000 346
152.0000 380
152.5000 383
153.0000 368
153.5000 387
154.0000 409
154.5000 354
155.0000 405
155.5000 347
156.0000 384
156.5000 381
157.0000 392
157.5000 357
158.0000 379
158.5000 389
159.0000 351
159.5000 371
160.0000 358
160.5000 360
161.0000 376
161.5000 384
162.0000 358
162.5000 374
163.0000 370
163.5000 385
164.0000 391
164.5000 356
165.0000 378
165.5000 365
166.0000 361
166.5000 361
167.0000 383
167.5000 377
168.0000 345
168.5000 376
169.0000 370
169.5000 376
170.0000 355
170.5000 361
171.0000 373
171.5000 374
172.0000 354
172.5000 357
173.0000 379
173.5000 373
174.0000 380
174.5000 363
175.0000 376
175.5000 356
176.0000 348
176.5000 363
177.0000 361
177.5000 360
178.0000 347
178.5000 378
179.0000 332
179.5000 414
180.0000 381
180.5000 362
181.0000 348
181.5000 360
182.0000 381
182.5000 386
183.0000 365
183.5000 389
184.0000 332
184.5000 348
185.0000 359
185.5000 397
186.0000 370
186.5000 348
187.0000 377
187.5000 363
188.0000 366
188.5000 361
189.0000 371
189.5000 399
190.0000 363
190.5000 357
191.0000 380
191.5000 371
192.0000 358
192.5000 371
193.0000 350
193.5000 363
194.0000 335
194.5000 383
195.0000 362
195.5000 389
196.0000 395
196.5000 338
197.0000 390
197.5000 358
198.0000 354
198.5000 353
199.0000 346
199.5000 392
