0.0000 0
0.5000 0
1.0000 0
1.5000 0
2.0000 0
2.5000 0
3.0000 0
3.5000 0
4.0000 0
4.5000 0
5.0000 0
5.5000 0
6.0000 0
6.5000 0
7.0000 1
7.5000 0
8.0000 0
8.5000 0
9.0000 1
9.5000 0
10.0000 0
10.5000 0
11.0000 1
11.5000 1
12.0000 1
12.5000 0
13.0000 0
13.5000 0
14.0000 0
14.5000 0
15.0000 0
15.5000 0
16.0000 0
16.5000 0
17.0000 0
17.5000 0
18.0000 2
18.5000 0
19.0000 0
19.5000 1
20.0000 0
20.5000 0
21.0000 0
21.5000 0
22.0000 0
22.5000 1
23.0000 2
23.5000 0
24.0000 0
24.5000 0
25.0000 0
25.5000 0
26.0000 0
26.5000 0
27.0000 0
27.5000 0
28.0000 0
28.5000 0
29.0000 0
29.5000 0
30.0000 0
30.5000 0
31.0000 1
31.5000 0
32.0000 0
32.5000 0
33.0000 0
33.5000 1
34.0000 0
34.5000 0
35.0000 0
35.5000 2
36.0000 0
36.5000 0
37.0000 0
37.5000 0
38.0000 0
38.5000 0
39.0000 0
39.5000 1
40.0000 1
40.5000 0
41.0000 0
41.5000 0
42.0000 0
42.5000 0
43.0000 0
43.5000 0
44.0000 0
44.5000 0
45.0000 1
45.5000 0
46.0000 1
46.5000 0
47.0000 0
47.5000 1
48.0000 0
48.5000 1
49.0000 0
49.5000 0
50.0000 0
50.5000 0
51.0000 0
51.5000 0
52.0000 0
52.5000 0
53.0000 0
53.5000 0
54.0000 0
54.5000 0
55.0000 0
55.5000 0
56.0000 0
56.5000 0
57.0000 1
57.5000 0
58.0000 0
58.5000 0
59.0000 0
59.5000 1
60.0000 0
60.5000 0
61.0000 1
61.5000 2
62.0000 0
62.5000 0
63.0000 1
63.5000 0
64.0000 1
64.5000 0
65.0000 0
65.5000 4
66.0000 2
66.5000 4
67.0000 3
67.5000 1
68.0000 0
68.5000 8
69.0000 4
69.5000 5
70.0000 8
70.5000 10
71.0000 15
71.5000 18
72.0000 13
72.5000 15
73.0000 17
73.5000 20
74.0000 19
74.5000 32
75.0000 30
75.5000 34
76.0000 34
76.5000 36
77.0000 44
77.5000 41
78.0000 55
78.5000 59
79.0000 61
79.5000 59
80.0000 65
80.5000 72
81.0000 85
81.5000 84
82.0000 83
82.5000 80
83.0000 85
83.5000 80
84.0000 99
84.5000 107
85.0000 93
85.5000 108
86.0000 133
86.5000 118
87.0000 122
87.5000 121
88.0000 130
88.5000 139
89.0000 170
89.5000 158
90.0000 168
90.5000 149
91.0000 133
91.5000 152
92.0000 180
92.5000 147
93.0000 188
93.5000 198
94.0000 173
94.5000 173
95.0000 190
95.5000 185
96.0000 195
96.5000 173
97.0000 216
97.5000 202
98.0000 196
98.5000 201
99.0000 215
99.5000 219
100.0000 208
100.5000 180
101.0000 204
101.5000 244
102.0000 202
102.5000 213
103.0000 189
103.5000 194
104.0000 203
104.5000 211
105.0000 207
105.5000 238
106.0000 198
106.5000 191
107.0000 246
107.5000 238
108.0000 207
108.5000 220
109.0000 196
109.5000 216
110.0000 223
110.5000 234
111.0000 209
111.5000 209
112.0000 247
112.5000 213
113.0000 206
113.5000 194
114.0000 220
114.5000 242
115.0000 238
115.5000 233
116.0000 211
116.5000 225
117.0000 180
117.5000 227
118.0000 206
118.5000 207
119.0000 208
119.5000 227
120.0000 207
120.5000 209
121.0000 207
121.5000 217
122.0000 210
122.5000 201
123.0000 216
123.5000 219
124.0000 196
124.5000 205
125.0000 217
125.5000 202
126.0000 228
126.5000 214
127.0000 204
127.5000 222
128.0000 223
128.5000 217
129.0000 202
129.5000 188
130.0000 239
130.5000 217
131.0000 209
131.5000 195
132.0000 173
132.5000 201
133.0000 220
133.5000 203
134.0000 212
134.5000 203
135.0000 221
135.5000 228
136.0000 209
136.5000 198
137.0000 209
137.5000 220
138.0000 208
138.5000 203
139.0000 185
139.5000 212
140.0000 199
140.5000 210
141.0000 201
141.5000 211
142.0000 224
142.5000 213
143.0000 208
143.5000 212
144.0000 214
144.5000 216
145.0000 179
145.5000 232
146.0000 224
146.5000 193
147.0000 215
147.5000 232
148.0000 205
148.5000 226
149.0000 172
149.5000 228
150.0000 194
150.5000 197
151.0000 222
151.5000 194
152.0000 218
152.5000 206
153.0000 195
153.5000 218
154.0000 225
154.5000 193
155.0000 196
155.5000 233
156.0000 204
156.5000 202
157.0000 177
157.5000 174
158.0000 206
158.5000 206
159.0000 187
159.5000 167
160.0000 197
160.5000 177
161.0000 204
161.5000 179
162.0000 195
162.5000 241
163.0000 208
163.5000 201
164.0000 198
164.5000 208
165.0000 210
165.5000 207
166.0000 213
166.5000 209
167.0000 208
167.5000 205
168.0000 187
168.5000 187
169.0000 207
169.5000 197
170.0000 199
170.5000 188
171.0000 196
171.5000 191
172.0000 214
172.5000 185
173.0000 181
173.5000 191
174.0000 185
174.5000 213
175.0000 214
175.5000 210
176.0000 192
176.5000 189
177.0000 215
177.5000 197
178.0000 199
178.5000 181
179.0000 214
179.5000 187
180.0000 198
180.5000 174
181.0000 195
181.5000 193
182.0000 201
182.5000 204
183.0000 204
183.5000 210
184.0000 205
184.5000 186
185.0000 182
185.5000 207
186.0000 175
186.5000 202
187.0000 228
187.5000 179
188.0000 175
188.5000 181
189.0000 193
189.5000 225
190.0000 212
190.5000 214
191.0000 200
191.5000 178
192.0000 191
192.5000 197
193.0000 233
193.5000 199
194.0000 203
194.5000 182
195.0000 206
195.5000 193
196.0000 230
196.5000 191
197.0000 235
197.5000 201
198.0000 194
198.5000 196
199.0000 196
199.5000 210
