0.0000 1
0.5000 0
1.0000 0
1.5000 0
2.0000 0
2.5000 0
3.0000 0
3.5000 1
4.0000 0
4.5000 0
5.0000 0
5.5000 0
6.0000 0
6.5000 0
7.0000 0
7.5000 0
8.0000 0
8.5000 0
9.0000 0
9.5000 0
10.0000 0
10.5000 0
11.0000 0
11.5000 0
12.0000 0
12.5000 1
13.0000 1
13.5000 0
14.0000 0
14.5000 0
15.0000 0
15.5000 1
16.0000 0
16.5000 1
17.0000 0
17.5000 0
18.0000 0
18.5000 0
19.0000 0
19.5000 1
20.0000 0
20.5000 0
21.0000 0
21.5000 0
22.0000 2
22.5000 0
23.0000 0
23.5000 0
24.0000 0
24.5000 0
25.0000 0
25.5000 0
26.0000 1
26.5000 0
27.0000 0
27.5000 0
28.0000 0
28.5000 0
29.0000 0
29.5000 1
30.0000 0
30.5000 0
31.0000 0
31.5000 0
32.0000 1
32.5000 1
33.0000 0
33.5000 0
34.0000 0
34.5000 0
35.0000 2
35.5000 0
36.0000 0
36.5000 0
37.0000 0
37.5000 1
38.0000 1
38.5000 0
39.0000 0
39.5000 0
40.0000 0
40.5000 0
41.0000 1
41.5000 0
42.0000 1
42.5000 0
43.0000 0
43.5000 0
44.0000 0
44.5000 0
45.0000 1
45.5000 0
46.0000 0
46.5000 0
47.0000 0
47.5000 0
48.0000 0
48.5000 0
49.0000 0
49.5000 1
50.0000 0
50.5000 1
51.0000 0
51.5000 0
52.0000 0
52.5000 0
53.0000 1
53.5000 1
54.0000 0
54.5000 0
55.0000 0
55.5000 1
56.0000 0
56.5000 0
57.0000 1
57.5000 0
58.0000 0
58.5000 0
59.0000 0
59.5000 2
60.0000 1
60.5000 0
61.0000 1
61.5000 0
62.0000 0
62.5000 0
63.0000 0
63.5000 1
64.0000 0
64.5000 0
65.0000 0
65.5000 0
66.0000 1
66.5000 1
67.0000 2
67.5000 4
68.0000 5
68.5000 2
69.0000 4
69.5000 6
70.0000 5
70.5000 3
71.0000 3
71.5000 7
72.0000 3
72.5000 5
73.0000 11
73.5000 8
74.0000 8
74.5000 11
75.0000 10
75.5000 17
76.0000 10
76.5000 18
77.0000 17
77.5000 20
78.0000 19
78.5000 21
79.0000 27
79.5000 28
80.0000 26
80.5000 22
81.0000 23
81.5000 34
82.0000 18
82.5000 24
83.0000 23
83.5000 38
84.0000 28
84.5000 25
85.0000 27
85.5000 34
86.0000 28
86.5000 34
87.0000 44
87.5000 38
88.0000 40
88.5000 40
89.0000 43
89.5000 55
90.0000 58
90.5000 52
91.0000 48
91.5000 47
92.0000 47
92.5000 49
93.0000 53
93.5000 74
94.0000 62
94.5000 51
95.0000 46
95.5000 55
96.0000 59
96.5000 64
97.0000 49
97.5000 46
98.0000 49
98.5000 57
99.0000 49
99.5000 61
100.0000 54
100.5000 43
101.0000 45
101.5000 54
102.0000 51
102.5000 51
103.0000 55
103.5000 60
104.0000 70
104.5000 59
105.0000 68
105.5000 63
106.0000 58
106.5000 54
107.0000 54
107.5000 46
108.0000 65
108.5000 54
109.0000 57
109.5000 54
110.0000 52
110.5000 61
111.0000 60
111.5000 60
112.0000 69
112.5000 44
113.0000 54
113.5000 65
114.0000 71
114.5000 58
115.0000 60
115.5000 50
116.0000 68
116.5000 60
117.0000 51
117.5000 60
118.0000 70
118.5000 67
119.0000 57
119.5000 61
120.0000 59
120.5000 49
121.0000 56
121.5000 56
122.0000 53
122.5000 61
123.0000 50
123.5000 51
124.0000 68
124.5000 59
125.0000 54
125.5000 60
126.0000 69
126.5000 50
127.0000 53
127.5000 51
128.0000 54
128.5000 53
129.0000 58
129.5000 59
130.0000 49
130.5000 61
131.0000 47
131.5000 50
132.0000 62
132.5000 66
133.0000 49
133.5000 45
134.0000 44
134.5000 60
135.0000 62
135.5000 65
136.0000 53
136.5000 50
137.0000 58
137.5000 74
138.0000 50
138.5000 65
139.0000 70
139.5000 58
140.0000 46
140.5000 65
141.0000 56
141.5000 48
142.0000 53
142.5000 37
143.0000 58
143.5000 56
144.0000 54
144.5000 50
145.0000 36
145.5000 49
146.0000 57
146.5000 43
147.0000 64
147.5000 59
148.0000 64
148.5000 55
149.0000 59
149.5000 50
150.0000 52
150.5000 51
151.0000 61
151.5000 43
152.0000 36
152.5000 50
153.0000 56
153.5000 42
154.0000 55
154.5000 62
155.0000 44
155.5000 49
156.0000 59
156.5000 47
157.0000 45
157.5000 53
158.0000 46
158.5000 47
159.0000 46
159.5000 43
160.0000 40
160.5000 57
161.0000 47
161.5000 46
162.0000 53
162.5000 50
163.0000 42
163.5000 49
164.0000 56
164.5000 65
165.0000 43
165.5000 51
166.0000 40
166.5000 50
167.0000 40
167.5000 58
168.0000 54
168.5000 46
169.0000 61
169.5000 46
170.0000 56
170.5000 59
171.0000 53
171.5000 52
172.0000 52
172.5000 56
173.0000 42
173.5000 55
174.0000 58
174.5000 51
175.0000 55
175.5000 48
176.0000 53
176.5000 53
177.0000 51
177.5000 58
178.0000 53
178.5000 49
179.0000 60
179.5000 54
180.0000 53
180.5000 63
181.0000 56
181.5000 43
182.0000 45
182.5000 64
183.0000 57
183.5000 55
184.0000 52
184.5000 53
185.0000 61
185.5000 49
186.0000 44
186.5000 48
187.0000 59
187.5000 58
188.0000 54
188.5000 50
189.0000 66
189.5000 48
190.0000 42
190.5000 47
191.0000 57
191.5000 57
192.0000 52
192.5000 49
193.0000 43
193.5000 43
194.0000 53
194.5000 60
195.0000 54
195.5000 42
196.0000 63
196.5000 49
197.0000 51
197.5000 59
198.0000 40
198.5000 42
199.0000 45
199.5000 43
