0.0000 2
0.5000 3
1.0000 0
1.5000 1
2.0000 2
2.5000 1
3.0000 0
3.5000 0
4.0000 0
4.5000 3
5.0000 1
5.5000 0
6.0000 2
6.5000 2
7.0000 0
7.5000 1
8.0000 0
8.5000 1
9.0000 0
9.5000 1
10.0000 1
10.5000 1
11.0000 1
11.5000 1
12.0000 1
12.5000 0
13.0000 0
13.5000 1
14.0000 1
14.5000 1
15.0000 1
15.5000 2
16.0000 2
16.5000 1
17.0000 0
17.5000 2
18.0000 1
18.5000 0
19.0000 0
19.5000 1
20.0000 1
20.5000 0
21.0000 1
21.5000 3
22.0000 0
22.5000 2
23.0000 1
23.5000 1
24.0000 1
24.5000 0
25.0000 0
25.5000 2
26.0000 0
26.5000 2
27.0000 3
27.5000 3
28.0000 1
28.5000 2
29.0000 0
29.5000 2
30.0000 1
30.5000 0
31.0000 0
31.5000 0
32.0000 2
32.5000 0
33.0000 0
33.5000 1
34.0000 2
34.5000 0
35.0000 0
35.5000 1
36.0000 0
36.5000 0
37.0000 2
37.5000 1
38.0000 2
38.5000 1
39.0000 2
39.5000 2
40.0000 0
40.5000 0
41.0000 2
41.5000 0
42.0000 0
42.5000 2
43.0000 0
43.5000 0
44.0000 1
44.5000 1
45.0000 2
45.5000 1
46.0000 0
46.5000 0
47.0000 2
47.5000 0
48.0000 0
48.5000 1
49.0000 1
49.5000 1
50.0000 0
50.5000 2
51.0000 0
51.5000 3
52.0000 2
52.5000 1
53.0000 1
53.5000 0
54.0000 3
54.5000 2
55.0000 1
55.5000 1
56.0000 1
56.5000 0
57.0000 1
57.5000 0
58.0000 4
58.5000 1
59.0000 0
59.5000 0
60.0000 0
60.5000 1
61.0000 1
61.5000 2
62.0000 1
62.5000 0
63.0000 3
63.5000 0
64.0000 3
64.5000 5
65.0000 1
65.5000 6
66.0000 4
66.5000 2
67.0000 2
67.5000 4
68.0000 8
68.5000 5
69.0000 9
69.5000 7
70.0000 6
70.5000 7
71.0000 16
71.5000 16
72.0000 12
72.5000 14
73.0000 15
73.5000 16
74.0000 25
74.5000 30
75.0000 21
75.5000 28
76.0000 31
76.5000 45
77.0000 33
77.5000 47
78.0000 48
78.5000 40
79.0000 51
79.5000 52
80.0000 48
80.5000 42
81.0000 58
81.5000 56
82.0000 72
82.5000 71
83.0000 61
83.5000 66
84.0000 68
84.5000 73
85.0000 76
85.5000 67
86.0000 94
86.5000 89
87.0000 85
87.5000 95
88.0000 103
88.5000 97
89.0000 97
89.5000 113
90.0000 108
90.5000 99
91.0000 101
91.5000 124
92.0000 111
92.5000 123
93.0000 118
93.5000 105
94.0000 124
94.5000 116
95.0000 111
95.5000 132
96.0000 138
96.5000 129
97.0000 118
97.5000 137
98.0000 111
98.5000 121
99.0000 141
99.5000 109
100.0000 122
100.5000 135
101.0000 126
101.5000 146
102.0000 122
102.5000 119
103.0000 122
103.5000 125
104.0000 125
104.5000 146
105.0000 129
105.5000 145
106.0000 120
106.5000 134
107.0000 122
107.5000 97
108.0000 129
108.5000 115
109.0000 118
109.5000 128
110.0000 137
110.5000 154
111.0000 137
111.5000 128
112.0000 123
112.5000 129
113.0000 141
113.5000 132
114.0000 121
114.5000 138
115.0000 128
115.5000 110
116.0000 138
116.5000 121
117.0000 116
117.5000 152
118.0000 114
118.5000 126
119.0000 122
119.5000 138
120.0000 107
120.5000 117
121.0000 113
121.5000 127
122.0000 104
122.5000 140
123.0000 133
123.5000 122
124.0000 112
124.5000 115
125.0000 148
125.5000 106
126.0000 133
126.5000 115
127.0000 126
127.5000 123
128.0000 125
128.5000 138
129.0000 123
129.5000 139
130.0000 133
130.5000 127
131.0000 137
131.5000 149
132.0000 123
132.5000 107
133.0000 121
133.5000 101
134.0000 128
134.5000 123
135.0000 138
135.5000 103
136.0000 112
136.5000 115
137.0000 142
137.5000 117
138.0000 145
138.5000 117
139.0000 148
139.5000 128
140.0000 120
140.5000 137
141.0000 135
141.5000 108
142.0000 134
142.5000 145
143.0000 119
143.5000 138
144.0000 137
144.5000 134
145.0000 162
145.5000 121
146.0000 119
146.5000 127
147.0000 142
147.5000 125
148.0000 121
148.5000 130
149.0000 127
149.5000 132
150.0000 117
150.5000 106
151.0000 130
151.5000 144
152.0000 130
152.5000 115
153.0000 119
153.5000 131
154.0000 122
154.5000 101
155.0000 101
155.5000 125
156.0000 131
156.5000 127
157.0000 118
157.5000 117
158.0000 130
158.5000 128
159.0000 107
159.5000 128
160.0000 146
160.5000 134
161.0000 133
161.5000 139
162.0000 132
162.5000 100
163.0000 127
163.5000 125
164.0000 128
164.5000 122
165.0000 122
165.5000 127
166.0000 121
166.5000 123
167.0000 117
167.5000 115
168.0000 120
168.5000 136
169.0000 119
169.5000 135
170.0000 130
170.5000 129
171.0000 107
171.5000 118
172.0000 119
172.5000 127
173.0000 119
173.5000 129
174.0000 126
174.5000 122
175.0000 122
175.5000 127
176.0000 134
176.5000 121
177.0000 120
177.5000 123
178.0000 129
178.5000 126
179.0000 120
179.5000 110
180.0000 125
180.5000 138
181.0000 124
181.5000 115
182.0000 118
182.5000 132
183.0000 108
183.5000 127
184.0000 109
184.5000 104
185.0000 116
185.5000 124
186.0000 129
186.5000 125
187.0000 140
187.5000 120
188.0000 121
188.5000 121
189.0000 127
189.5000 122
190.0000 121
190.5000 110
191.0000 126
191.5000 104
192.0000 132
192.5000 122
193.0000 133
193.5000 129
194.0000 114
194.5000 121
195.0000 106
195.5000 132
196.0000 142
196.5000 133
197.0000 135
197.5000 123
198.0000 113
198.5000 136
199.0000 118
199.5000 128
