0.0000 1
0.5000 0
1.0000 0
1.5000 1
2.0000 1
2.5000 0
3.0000 1
3.5000 0
4.0000 2
4.5000 0
5.0000 1
5.5000 0
6.0000 0
6.5000 1
7.0000 0
7.5000 0
8.0000 0
8.5000 0
9.0000 1
9.5000 2
10.0000 0
10.5000 1
11.0000 2
11.5000 2
12.0000 1
12.5000 0
13.0000 1
13.5000 1
14.0000 0
14.5000 1
15.0000 2
15.5000 0
16.0000 0
16.5000 2
17.0000 0
17.5000 2
18.0000 1
18.5000 0
19.0000 0
19.5000 0
20.0000 0
20.5000 1
21.0000 1
21.5000 1
22.0000 0
22.5000 0
23.0000 1
23.5000 0
24.0000 1
24.5000 0
25.0000 0
25.5000 2
26.0000 0
26.5000 1
27.0000 0
27.5000 0
28.0000 0
28.5000 0
29.0000 1
29.5000 1
30.0000 2
30.5000 2
31.0000 1
31.5000 2
32.0000 0
32.5000 0
33.0000 0
33.5000 3
34.0000 2
34.5000 0
35.0000 0
35.5000 1
36.0000 0
36.5000 1
37.0000 1
37.5000 1
38.0000 0
38.5000 3
39.0000 0
39.5000 1
40.0000 1
40.5000 1
41.0000 2
41.5000 1
42.0000 0
42.5000 2
43.0000 1
43.5000 3
44.0000 2
44.5000 0
45.0000 1
45.5000 2
46.0000 2
46.5000 0
47.0000 2
47.5000 0
48.0000 3
48.5000 0
49.0000 3
49.5000 2
50.0000 1
50.5000 1
51.0000 0
51.5000 1
52.0000 0
52.5000 0
53.0000 0
53.5000 1
54.0000 2
54.5000 0
55.0000 2
55.5000 1
56.0000 0
56.5000 1
57.0000 2
57.5000 0
58.0000 2
58.5000 1
59.0000 2
59.5000 3
60.0000 3
60.5000 3
61.0000 2
61.5000 4
62.0000 2
62.5000 6
63.0000 5
63.5000 4
64.0000 9
64.5000 6
65.0000 2
65.5000 3
66.0000 7
66.5000 3
67.0000 4
67.5000 14
68.0000 12
68.5000 21
69.0000 17
69.5000 25
70.0000 26
70.5000 27
71.0000 30
71.5000 37
72.0000 31
72.5000 40
73.0000 46
73.5000 64
74.0000 68
74.5000 94
75.0000 68
75.5000 73
76.0000 94
76.5000 104
77.0000 110
77.5000 121
78.0000 122
78.5000 132
79.0000 155
79.5000 164
80.0000 142
80.5000 173
81.0000 194
81.5000 178
82.0000 189
82.5000 199
83.0000 212
83.5000 215
84.0000 224
84.5000 215
85.0000 263
85.5000 262
86.0000 266
86.5000 251
87.0000 269
87.5000 279
88.0000 290
88.5000 285
89.0000 315
89.5000 334
90.0000 336
90.5000 314
91.0000 336
91.5000 335
92.0000 329
92.5000 301
93.0000 327
93.5000 355
94.0000 367
94.5000 360
95.0000 363
95.5000 392
96.0000 377
96.5000 381
97.0000 398
97.5000 406
98.0000 362
98.5000 385
99.0000 368
99.5000 367
100.0000 370
100.5000 388
101.0000 370
101.5000 392
102.0000 387
102.5000 372
103.0000 372
103.5000 357
104.0000 414
104.5000 375
105.0000 385
105.5000 399
106.0000 378
106.5000 351
107.0000 399
107.5000 390
108.0000 379
108.5000 365
109.0000 392
109.5000 381
110.0000 355
110.5000 357
111.0000 366
111.5000 360
112.0000 331
112.5000 359
113.0000 386
113.5000 390
114.0000 369
114.5000 373
115.0000 369
115.5000 370
116.0000 379
116.5000 381
117.0000 326
117.5000 346
118.0000 369
118.5000 356
119.0000 383
119.5000 327
120.0000 371
120.5000 378
121.0000 372
121.5000 342
122.0000 335
122.5000 345
123.0000 363
123.5000 364
124.0000 353
124.5000 362
125.0000 350
125.5000 378
126.0000 364
126.5000 381
127.0000 359
127.5000 369
128.0000 376
128.5000 327
129.0000 364
129.5000 344
130.0000 329
130.5000 376
131.0000 360
131.5000 387
132.0000 329
132.5000 348
133.0000 335
133.5000 365
134.0000 336
134.5000 355
135.0000 340
135.5000 340
136.0000 349
136.5000 357
137.0000 357
137.5000 358
138.0000 366
138.5000 336
139.0000 380
139.5000 360
140.0000 352
140.5000 356
141.0000 347
141.5000 352
142.0000 361
142.5000 338
143.0000 377
143.5000 364
144.0000 361
144.5000 370
145.0000 334
145.5000 372
146.0000 368
146.5000 333
147.0000 327
147.5000 335
148.0000 364
148.5000 350
149.0000 355
149.5000 369
150.0000 323
150.5000 319
151.0000 352
151.5000 378
152.0000 356
152.5000 352
153.0000 342
153.5000 325
154.0000 340
154.5000 361
155.0000 352
155.5000 328
156.0000 332
156.5000 323
157.0000 331
157.5000 317
158.0000 342
158.5000 365
159.0000 330
159.5000 366
160.0000 314
160.5000 334
161.0000 348
161.5000 320
162.0000 317
162.5000 376
163.0000 340
163.5000 323
164.0000 349
164.5000 352
165.0000 325
165.5000 315
166.0000 378
166.5000 364
167.0000 354
167.5000 328
168.0000 342
168.5000 319
169.0000 328
169.5000 362
170.0000 311
170.5000 325
171.0000 337
171.5000 306
172.0000 362
172.5000 361
173.0000 313
173.5000 324
174.0000 354
174.5000 326
175.0000 331
175.5000 313
176.0000 300
176.5000 335
177.0000 386
177.5000 338
178.0000 331
178.5000 364
179.0000 331
179.5000 301
180.0000 354
180.5000 346
181.0000 376
181.5000 323
182.0000 376
182.5000 329
183.0000 353
183.5000 310
184.0000 326
184.5000 308
185.0000 355
185.5000 351
186.0000 346
186.5000 346
187.0000 329
187.5000 343
188.0000 312
188.5000 340
189.0000 352
189.5000 326
190.0000 333
190.5000 334
191.0000 325
191.5000 358
192.0000 335
192.5000 326
193.0000 327
193.5000 340
194.0000 330
194.5000 326
195.0000 333
195.5000 352
196.0000 337
196.5000 329
197.0000 322
197.5000 349
198.0000 334
198.5000 321
199.0000 305
199.5000 380
