0.0000 0
0.5000 0
1.0000 0
1.5000 1
2.0000 0
2.5000 0
3.0000 1
3.5000 0
4.0000 1
4.5000 1
5.0000 0
5.5000 1
6.0000 0
6.5000 0
7.0000 0
7.5000 0
8.0000 0
8.5000 0
9.0000 0
9.5000 0
10.0000 0
10.5000 0
11.0000 0
11.5000 1
12.0000 0
12.5000 0
13.0000 0
13.5000 0
14.0000 1
14.5000 0
15.0000 0
15.5000 0
16.0000 0
16.5000 0
17.0000 0
17.5000 0
18.0000 0
18.5000 0
19.0000 2
19.5000 0
20.0000 0
20.5000 1
21.0000 1
21.5000 1
22.0000 0
22.5000 0
23.0000 0
23.5000 0
24.0000 1
24.5000 2
25.0000 0
25.5000 0
26.0000 1
26.5000 0
27.0000 0
27.5000 0
28.0000 1
28.5000 2
29.0000 0
29.5000 0
30.0000 1
30.5000 1
31.0000 3
31.5000 1
32.0000 2
32.5000 1
33.0000 3
33.5000 0
34.0000 1
34.5000 3
35.0000 7
35.5000 3
36.0000 2
36.5000 1
37.0000 0
37.5000 1
38.0000 4
38.5000 1
39.0000 6
39.5000 3
40.0000 3
40.5000 2
41.0000 4
41.5000 4
42.0000 2
42.5000 4
43.0000 3
43.5000 8
44.0000 5
44.5000 7
45.0000 3
45.5000 7
46.0000 7
46.5000 12
47.0000 15
47.5000 11
48.0000 8
48.5000 13
49.0000 9
49.5000 19
50.0000 14
50.5000 18
51.0000 15
51.5000 15
52.0000 29
52.5000 20
53.0000 30
53.5000 29
54.0000 25
54.5000 48
55.0000 42
55.5000 39
56.0000 43
56.5000 52
57.0000 50
57.5000 65
58.0000 68
58.5000 58
59.0000 65
59.5000 89
60.0000 67
60.5000 95
61.0000 84
61.5000 99
62.0000 99
62.5000 104
63.0000 107
63.5000 133
64.0000 122
64.5000 140
65.0000 125
65.5000 139
66.0000 163
66.5000 175
67.0000 184
67.5000 187
68.0000 212
68.5000 182
69.0000 250
69.5000 213
70.0000 240
70.5000 226
71.0000 243
71.5000 299
72.0000 287
72.5000 245
73.0000 295
73.5000 281
74.0000 317
74.5000 322
75.0000 290
75.5000 341
76.0000 333
76.5000 347
77.0000 393
77.5000 330
78.0000 358
78.5000 348
79.0000 389
79.5000 390
80.0000 371
80.5000 384
81.0000 382
81.5000 381
82.0000 431
82.5000 420
83.0000 420
83.5000 399
84.0000 446
84.5000 436
85.0000 443
85.5000 437
86.0000 470
86.5000 463
87.0000 472
87.5000 500
88.0000 460
88.5000 443
89.0000 475
89.5000 474
90.0000 489
90.5000 483
91.0000 549
91.5000 473
92.0000 479
92.5000 493
93.0000 511
93.5000 501
94.0000 482
94.5000 501
95.0000 446
95.5000 499
96.0000 519
96.5000 548
97.0000 459
97.5000 532
98.0000 519
98.5000 510
99.0000 511
99.5000 517
100.0000 538
100.5000 514
101.0000 483
101.5000 565
102.0000 534
102.5000 535
103.0000 509
103.5000 524
104.0000 518
104.5000 552
105.0000 537
105.5000 544
106.0000 502
106.5000 508
107.0000 550
107.5000 558
108.0000 549
108.5000 526
109.0000 508
109.5000 527
110.0000 535
110.5000 572
111.0000 577
111.5000 541
112.0000 548
112.5000 551
113.0000 544
113.5000 543
114.0000 580
114.5000 573
115.0000 525
115.5000 548
116.0000 562
116.5000 536
117.0000 538
117.5000 558
118.0000 586
118.5000 611
119.0000 581
119.5000 556
120.0000 556
120.5000 537
121.0000 536
121.5000 498
122.0000 556
122.5000 601
123.0000 556
123.5000 609
124.0000 574
124.5000 536
125.0000 584
125.5000 572
126.0000 585
126.5000 540
127.0000 597
127.5000 587
128.0000 570
128.5000 574
129.0000 588
129.5000 652
130.0000 586
130.5000 597
131.0000 615
131.5000 634
132.0000 570
132.5000 591
133.0000 576
133.5000 573
134.0000 603
134.5000 569
135.0000 614
135.5000 589
136.0000 582
136.5000 612
137.0000 589
137.5000 578
138.0000 563
138.5000 617
139.0000 604
139.5000 613
140.0000 574
140.5000 556
141.0000 616
141.5000 596
142.0000 589
142.5000 615
143.0000 565
143.5000 592
144.0000 652
144.5000 591
145.0000 604
145.5000 616
146.0000 594
146.5000 578
147.0000 642
147.5000 584
148.0000 593
148.5000 665
149.0000 552
149.5000 600
150.0000 598
150.5000 608
151.0000 582
151.5000 639
152.0000 585
152.5000 651
153.0000 586
153.5000 567
154.0000 640
154.5000 637
155.0000 610
155.5000 616
156.0000 605
156.5000 606
157.0000 637
157.5000 606
158.0000 639
158.5000 588
159.0000 636
159.5000 594
160.0000 674
160.5000 514
161.0000 0
161.5000 0
162.0000 1
162.5000 0
163.0000 0
163.5000 1
164.0000 0
164.5000 0
165.0000 1
165.5000 0
166.0000 0
166.5000 0
167.0000 0
167.5000 0
168.0000 0
168.5000 0
169.0000 0
169.5000 0
170.0000 0
170.5000 0
171.0000 0
171.5000 0
172.0000 0
172.5000 0
173.0000 1
173.5000 0
174.0000 0
174.5000 0
175.0000 0
175.5000 0
176.0000 0
176.5000 0
177.0000 1
177.5000 1
178.0000 0
178.5000 0
179.0000 0
179.5000 0
180.0000 0
180.5000 0
181.0000 1
181.5000 0
182.0000 0
182.5000 2
183.0000 0
183.5000 0
184.0000 0
184.5000 1
185.0000 1
185.5000 1
186.0000 1
186.5000 0
187.0000 0
187.5000 0
188.0000 0
188.5000 1
189.0000 0
189.5000 0
190.0000 0
190.5000 1
191.0000 0
191.5000 0
192.0000 0
192.5000 1
193.0000 0
193.5000 1
194.0000 1
194.5000 0
195.0000 1
195.5000 0
196.0000 1
196.5000 1
197.0000 0
197.5000 0
198.0000 0
198.5000 2
199.0000 1
199.5000 0
200.0000 0
200.5000 1
201.0000 1
201.5000 2
202.0000 1
202.5000 1
203.0000 0
203.5000 0
204.0000 0
204.5000 0
205.0000 1
205.5000 0
206.0000 4
206.5000 2
207.0000 1
207.5000 3
208.0000 0
208.5000 4
209.0000 2
209.5000 3
210.0000 0
210.5000 0
211.0000 2
211.5000 2
212.0000 3
212.5000 5
213.0000 3
213.5000 5
214.0000 3
214.5000 6
215.0000 7
215.5000 3
216.0000 6
216.5000 6
217.0000 6
217.5000 5
218.0000 5
218.5000 8
219.0000 5
219.5000 11
220.0000 11
220.5000 16
221.0000 13
221.5000 17
222.0000 15
222.5000 19
223.0000 15
223.5000 19
224.0000 16
224.5000 21
225.0000 37
225.5000 14
226.0000 22
226.5000 30
227.0000 27
227.5000 29
228.0000 33
228.5000 44
229.0000 29
229.5000 50
230.0000 52
230.5000 50
231.0000 64
231.5000 60
232.0000 75
232.5000 71
233.0000 84
233.5000 83
234.0000 98
234.5000 99
235.0000 107
235.5000 119
236.0000 112
236.5000 145
237.0000 127
237.5000 127
238.0000 135
238.5000 136
239.0000 168
239.5000 166
240.0000 186
240.5000 187
241.0000 186
241.5000 191
242.0000 207
242.5000 219
243.0000 251
243.5000 224
244.0000 241
244.5000 242
245.0000 251
245.5000 273
246.0000 280
246.5000 262
247.0000 285
247.5000 333
248.0000 293
248.5000 318
249.0000 329
249.5000 351
250.0000 333
250.5000 349
251.0000 378
251.5000 340
252.0000 367
252.5000 385
253.0000 323
253.5000 434
254.0000 374
254.5000 451
255.0000 392
255.5000 417
256.0000 397
256.5000 448
257.0000 445
257.5000 408
258.0000 419
258.5000 408
259.0000 442
259.5000 490
260.0000 453
260.5000 489
261.0000 472
261.5000 485
262.0000 474
262.5000 491
263.0000 490
263.5000 464
264.0000 482
264.5000 517
265.0000 498
265.5000 495
266.0000 508
266.5000 468
267.0000 520
267.5000 470
268.0000 520
268.5000 482
269.0000 503
269.5000 484
270.0000 473
270.5000 529
271.0000 536
271.5000 479
272.0000 529
272.5000 536
273.0000 540
273.5000 539
274.0000 467
274.5000 550
275.0000 536
275.5000 519
276.0000 527
276.5000 542
277.0000 573
277.5000 493
278.0000 535
278.5000 541
279.0000 526
279.5000 556
280.0000 572
280.5000 571
281.0000 572
281.5000 535
282.0000 541
282.5000 517
283.0000 579
283.5000 519
284.0000 544
284.5000 560
285.0000 561
285.5000 563
286.0000 524
286.5000 576
287.0000 535
287.5000 541
288.0000 573
288.5000 556
289.0000 569
289.5000 543
290.0000 589
290.5000 572
291.0000 535
291.5000 539
292.0000 553
292.5000 548
293.0000 563
293.5000 566
294.0000 553
294.5000 570
295.0000 566
295.5000 563
296.0000 612
296.5000 568
297.0000 565
297.5000 607
298.0000 581
298.5000 578
299.0000 570
299.5000 620
300.0000 592
300.5000 572
301.0000 569
301.5000 579
302.0000 603
302.5000 565
303.0000 574
303.5000 554
304.0000 558
304.5000 566
305.0000 615
305.5000 585
306.0000 588
306.5000 582
307.0000 593
307.5000 577
308.0000 624
308.5000 574
309.0000 595
309.5000 574
310.0000 567
310.5000 572
311.0000 582
311.5000 617
312.0000 615
312.5000 623
313.0000 605
313.5000 595
314.0000 582
314.5000 608
315.0000 569
315.5000 594
316.0000 602
316.5000 590
317.0000 601
317.5000 626
318.0000 590
318.5000 632
319.0000 604
319.5000 619
320.0000 621
320.5000 593
321.0000 629
321.5000 631
322.0000 623
322.5000 606
323.0000 581
323.5000 627
324.0000 594
324.5000 628
325.0000 635
325.5000 670
326.0000 602
326.5000 590
327.0000 654
327.5000 636
328.0000 612
328.5000 604
329.0000 638
329.5000 586
330.0000 633
330.5000 529
331.0000 1
331.5000 0
332.0000 1
332.5000 0
333.0000 0
333.5000 0
334.0000 1
334.5000 0
335.0000 0
335.5000 0
336.0000 0
336.5000 0
337.0000 0
337.5000 0
338.0000 0
338.5000 0
339.0000 1
339.5000 0
340.0000 0
340.5000 0
341.0000 0
341.5000 0
342.0000 0
342.5000 0
343.0000 1
343.5000 0
344.0000 1
344.5000 0
345.0000 1
345.5000 0
346.0000 0
346.5000 0
347.0000 0
347.5000 0
348.0000 0
348.5000 2
349.0000 0
349.5000 0
350.0000 0
350.5000 0
351.0000 0
351.5000 0
352.0000 0
352.5000 0
353.0000 0
353.5000 0
354.0000 0
354.5000 0
355.0000 0
355.5000 1
356.0000 1
356.5000 0
357.0000 0
357.5000 0
358.0000 0
358.5000 0
359.0000 0
359.5000 0
360.0000 1
360.5000 0
361.0000 1
361.5000 0
362.0000 0
362.5000 0
363.0000 0
363.5000 0
364.0000 0
364.5000 1
365.0000 1
365.5000 1
366.0000 0
366.5000 0
367.0000 4
367.5000 0
368.0000 2
368.5000 0
369.0000 0
369.5000 1
370.0000 1
370.5000 1
371.0000 3
371.5000 0
372.0000 0
372.5000 3
373.0000 1
373.5000 0
374.0000 0
374.5000 0
375.0000 0
375.5000 0
376.0000 0
376.5000 1
377.0000 0
377.5000 1
378.0000 4
378.5000 0
379.0000 0
379.5000 0
380.0000 1
380.5000 4
381.0000 0
381.5000 3
382.0000 1
382.5000 3
383.0000 1
383.5000 2
384.0000 5
384.5000 2
385.0000 9
385.5000 5
386.0000 9
386.5000 5
387.0000 2
387.5000 3
388.0000 4
388.5000 5
389.0000 5
389.5000 13
390.0000 8
390.5000 5
391.0000 7
391.5000 8
392.0000 7
392.5000 14
393.0000 13
393.5000 18
394.0000 13
394.5000 16
395.0000 18
395.5000 23
396.0000 20
396.5000 25
397.0000 29
397.5000 31
398.0000 25
398.5000 37
399.0000 34
399.5000 37
400.0000 31
400.5000 41
401.0000 43
401.5000 49
402.0000 50
402.5000 51
403.0000 64
403.5000 56
404.0000 62
404.5000 68
405.0000 80
405.5000 73
406.0000 78
406.5000 107
407.0000 105
407.5000 101
408.0000 97
408.5000 126
409.0000 125
409.5000 147
410.0000 141
410.5000 130
411.0000 131
411.5000 143
412.0000 173
412.5000 181
413.0000 190
413.5000 178
414.0000 214
414.5000 232
415.0000 197
415.5000 228
416.0000 228
416.5000 208
417.0000 283
417.5000 245
418.0000 296
418.5000 255
419.0000 269
419.5000 273
420.0000 319
420.5000 298
421.0000 326
421.5000 313
422.0000 326
422.5000 329
423.0000 343
423.5000 340
424.0000 416
424.5000 372
425.0000 383
425.5000 388
426.0000 365
426.5000 392
427.0000 411
427.5000 425
428.0000 405
428.5000 406
429.0000 432
429.5000 418
430.0000 406
430.5000 443
431.0000 460
431.5000 442
432.0000 452
432.5000 461
433.0000 458
433.5000 531
434.0000 490
434.5000 524
435.0000 452
435.5000 494
436.0000 494
436.5000 461
437.0000 486
437.5000 518
438.0000 486
438.5000 517
439.0000 483
439.5000 540
440.0000 490
440.5000 491
441.0000 516
441.5000 522
442.0000 507
442.5000 470
443.0000 502
443.5000 505
444.0000 536
444.5000 530
445.0000 576
445.5000 565
446.0000 527
446.5000 511
447.0000 497
447.5000 531
448.0000 515
448.5000 539
449.0000 530
449.5000 503
450.0000 507
450.5000 498
451.0000 539
451.5000 527
452.0000 502
452.5000 506
453.0000 544
453.5000 555
454.0000 531
454.5000 569
455.0000 560
455.5000 532
456.0000 543
456.5000 537
457.0000 574
457.5000 584
458.0000 525
458.5000 567
459.0000 573
459.5000 511
460.0000 555
460.5000 558
461.0000 552
461.5000 547
462.0000 585
462.5000 547
463.0000 552
463.5000 528
464.0000 549
464.5000 539
465.0000 554
465.5000 581
466.0000 576
466.5000 530
467.0000 572
467.5000 564
468.0000 582
468.5000 568
469.0000 594
469.5000 556
470.0000 588
470.5000 576
471.0000 576
471.5000 588
472.0000 621
472.5000 548
473.0000 579
473.5000 567
474.0000 602
474.5000 566
475.0000 557
475.5000 608
476.0000 607
476.5000 562
477.0000 575
477.5000 544
478.0000 598
478.5000 619
479.0000 589
479.5000 595
480.0000 577
480.5000 581
481.0000 615
481.5000 613
482.0000 594
482.5000 602
483.0000 574
483.5000 579
484.0000 602
484.5000 600
485.0000 594
485.5000 606
486.0000 603
486.5000 613
487.0000 600
487.5000 623
488.0000 559
488.5000 604
489.0000 626
489.5000 614
490.0000 638
490.5000 589
491.0000 601
491.5000 641
492.0000 607
492.5000 607
493.0000 598
493.5000 592
494.0000 611
494.5000 633
495.0000 616
495.5000 603
496.0000 583
496.5000 602
497.0000 621
497.5000 604
498.0000 612
498.5000 680
499.0000 632
499.5000 604
500.0000 616
500.5000 581
501.0000 0
501.5000 0
502.0000 1
502.5000 0
503.0000 0
503.5000 0
504.0000 0
504.5000 1
505.0000 1
505.5000 0
506.0000 1
506.5000 0
507.0000 0
507.5000 0
508.0000 0
508.5000 0
509.0000 0
509.5000 0
510.0000 0
510.5000 0
511.0000 0
511.5000 0
512.0000 0
512.5000 0
513.0000 0
513.5000 0
514.0000 0
514.5000 0
515.0000 0
515.5000 0
516.0000 0
516.5000 0
517.0000 0
517.5000 0
518.0000 0
518.5000 0
519.0000 1
519.5000 1
520.0000 0
520.5000 0
521.0000 0
521.5000 0
522.0000 0
522.5000 0
523.0000 0
523.5000 0
524.0000 0
524.5000 1
525.0000 0
525.5000 0
526.0000 0
526.5000 0
527.0000 0
527.5000 0
528.0000 0
528.5000 2
529.0000 0
529.5000 1
530.0000 1
530.5000 0
531.0000 0
531.5000 0
532.0000 0
532.5000 0
533.0000 0
533.5000 0
534.0000 1
534.5000 0
535.0000 1
535.5000 1
536.0000 1
536.5000 0
537.0000 0
537.5000 0
538.0000 0
538.5000 0
539.0000 1
539.5000 0
540.0000 1
540.5000 1
541.0000 0
541.5000 1
542.0000 0
542.5000 1
543.0000 2
543.5000 0
544.0000 0
544.5000 0
545.0000 1
545.5000 1
546.0000 1
546.5000 2
547.0000 0
547.5000 3
548.0000 3
548.5000 1
549.0000 2
549.5000 1
550.0000 0
550.5000 1
551.0000 4
551.5000 1
552.0000 2
552.5000 2
553.0000 1
553.5000 1
554.0000 2
554.5000 3
555.0000 1
555.5000 4
556.0000 4
556.5000 4
557.0000 4
557.5000 8
558.0000 6
558.5000 2
559.0000 4
559.5000 5
560.0000 7
560.5000 2
561.0000 6
561.5000 6
562.0000 12
562.5000 12
563.0000 13
563.5000 5
564.0000 11
564.5000 16
565.0000 16
565.5000 11
566.0000 16
566.5000 11
567.0000 14
567.5000 27
568.0000 18
568.5000 23
569.0000 38
569.5000 27
570.0000 35
570.5000 38
571.0000 38
571.5000 37
572.0000 48
572.5000 58
573.0000 51
573.5000 37
574.0000 55
574.5000 62
575.0000 68
575.5000 68
576.0000 77
576.5000 79
577.0000 68
577.5000 92
578.0000 95
578.5000 97
579.0000 116
579.5000 117
580.0000 107
580.5000 114
581.0000 111
581.5000 135
582.0000 135
582.5000 145
583.0000 174
583.5000 161
584.0000 181
584.5000 187
585.0000 190
585.5000 192
586.0000 204
586.5000 206
587.0000 229
587.5000 220
588.0000 224
588.5000 245
589.0000 264
589.5000 251
590.0000 278
590.5000 269
591.0000 273
591.5000 307
592.0000 315
592.5000 305
593.0000 321
593.5000 327
594.0000 301
594.5000 318
595.0000 371
595.5000 341
596.0000 365
596.5000 351
597.0000 367
597.5000 429
598.0000 389
598.5000 368
599.0000 410
599.5000 422
600.0000 402
600.5000 375
601.0000 384
601.5000 426
602.0000 388
602.5000 445
603.0000 436
603.5000 442
604.0000 423
604.5000 428
605.0000 468
605.5000 507
606.0000 460
606.5000 435
607.0000 472
607.5000 499
608.0000 485
608.5000 486
609.0000 492
609.5000 463
610.0000 498
610.5000 509
611.0000 512
611.5000 504
612.0000 496
612.5000 552
613.0000 496
613.5000 499
614.0000 515
614.5000 530
615.0000 505
615.5000 508
616.0000 516
616.5000 514
617.0000 536
617.5000 494
618.0000 493
618.5000 500
619.0000 532
619.5000 520
620.0000 523
620.5000 539
621.0000 538
621.5000 553
622.0000 533
622.5000 540
623.0000 540
623.5000 551
624.0000 551
624.5000 572
625.0000 555
625.5000 508
626.0000 547
626.5000 516
627.0000 566
627.5000 554
628.0000 547
628.5000 575
629.0000 545
629.5000 530
630.0000 566
630.5000 585
631.0000 576
631.5000 591
632.0000 535
632.5000 541
633.0000 561
633.5000 519
634.0000 576
634.5000 566
635.0000 527
635.5000 547
636.0000 518
636.5000 590
637.0000 569
637.5000 553
638.0000 552
638.5000 545
639.0000 527
639.5000 519
640.0000 591
640.5000 556
641.0000 600
641.5000 554
642.0000 573
642.5000 560
643.0000 566
643.5000 579
644.0000 584
644.5000 540
645.0000 551
645.5000 574
646.0000 543
646.5000 579
647.0000 587
647.5000 600
648.0000 565
648.5000 588
649.0000 584
649.5000 570
650.0000 634
650.5000 576
651.0000 588
651.5000 547
652.0000 602
652.5000 616
653.0000 599
653.5000 585
654.0000 621
654.5000 585
655.0000 625
655.5000 592
656.0000 597
656.5000 573
657.0000 559
657.5000 616
658.0000 584
658.5000 633
659.0000 583
659.5000 605
660.0000 635
660.5000 594
661.0000 623
661.5000 543
662.0000 586
662.5000 614
663.0000 623
663.5000 630
664.0000 625
664.5000 638
665.0000 622
665.5000 582
666.0000 625
666.5000 587
667.0000 623
667.5000 668
668.0000 612
668.5000 644
669.0000 630
669.5000 633
670.0000 603
670.5000 579
671.0000 0
671.5000 0
672.0000 0
672.5000 0
673.0000 0
673.5000 1
674.0000 0
674.5000 0
675.0000 0
675.5000 2
676.0000 0
676.5000 0
677.0000 1
677.5000 0
678.0000 0
678.5000 1
679.0000 0
679.5000 0
680.0000 0
680.5000 0
681.0000 0
681.5000 0
682.0000 0
682.5000 2
683.0000 0
683.5000 1
684.0000 0
684.5000 0
685.0000 0
685.5000 1
686.0000 1
686.5000 0
687.0000 0
687.5000 0
688.0000 2
688.5000 0
689.0000 0
689.5000 0
690.0000 0
690.5000 0
691.0000 0
691.5000 1
692.0000 0
692.5000 0
693.0000 0
693.5000 0
694.0000 0
694.5000 0
695.0000 0
695.5000 1
696.0000 0
696.5000 1
697.0000 0
697.5000 2
698.0000 2
698.5000 2
699.0000 1
699.5000 0
700.0000 0
700.5000 1
701.0000 0
701.5000 0
702.0000 1
702.5000 1
703.0000 0
703.5000 1
704.0000 0
704.5000 3
705.0000 1
705.5000 0
706.0000 0
706.5000 3
707.0000 0
707.5000 0
708.0000 0
708.5000 0
709.0000 1
709.5000 1
710.0000 0
710.5000 0
711.0000 1
711.5000 1
712.0000 0
712.5000 0
713.0000 1
713.5000 0
714.0000 0
714.5000 0
715.0000 0
715.5000 2
716.0000 1
716.5000 2
717.0000 0
717.5000 1
718.0000 3
718.5000 0
719.0000 1
719.5000 4
720.0000 2
720.5000 4
721.0000 0
721.5000 3
722.0000 1
722.5000 1
723.0000 3
723.5000 1
724.0000 3
724.5000 2
725.0000 1
725.5000 3
726.0000 5
726.5000 4
727.0000 3
727.5000 5
728.0000 2
728.5000 3
729.0000 2
729.5000 6
730.0000 4
730.5000 7
731.0000 9
731.5000 3
732.0000 6
732.5000 8
733.0000 6
733.5000 7
734.0000 18
734.5000 17
735.0000 17
735.5000 10
736.0000 11
736.5000 16
737.0000 19
737.5000 24
738.0000 21
738.5000 19
739.0000 18
739.5000 34
740.0000 26
740.5000 35
741.0000 32
741.5000 29
742.0000 43
742.5000 46
743.0000 51
743.5000 51
744.0000 48
744.5000 69
745.0000 70
745.5000 67
746.0000 68
746.5000 65
747.0000 84
747.5000 83
748.0000 91
748.5000 103
749.0000 98
749.5000 103
750.0000 106
750.5000 127
751.0000 103
751.5000 114
752.0000 118
752.5000 146
753.0000 129
753.5000 151
754.0000 151
754.5000 163
755.0000 175
755.5000 171
756.0000 204
756.5000 164
757.0000 197
757.5000 224
758.0000 204
758.5000 217
759.0000 257
759.5000 252
760.0000 251
760.5000 235
761.0000 260
761.5000 270
762.0000 310
762.5000 285
763.0000 275
763.5000 286
764.0000 332
764.5000 303
765.0000 329
765.5000 334
766.0000 358
766.5000 357
767.0000 350
767.5000 371
768.0000 361
768.5000 395
769.0000 378
769.5000 406
770.0000 368
770.5000 394
771.0000 411
771.5000 401
772.0000 402
772.5000 407
773.0000 447
773.5000 471
774.0000 450
774.5000 458
775.0000 416
775.5000 480
776.0000 471
776.5000 471
777.0000 479
777.5000 494
778.0000 460
778.5000 475
779.0000 441
779.5000 438
780.0000 483
780.5000 469
781.0000 485
781.5000 535
782.0000 514
782.5000 494
783.0000 466
783.5000 496
784.0000 528
784.5000 509
785.0000 520
785.5000 513
786.0000 513
786.5000 506
787.0000 542
787.5000 557
788.0000 512
788.5000 542
789.0000 514
789.5000 539
790.0000 551
790.5000 532
791.0000 547
791.5000 563
792.0000 574
792.5000 518
793.0000 529
793.5000 557
794.0000 517
794.5000 535
795.0000 522
795.5000 530
796.0000 562
796.5000 544
797.0000 540
797.5000 539
798.0000 540
798.5000 560
799.0000 501
799.5000 550
800.0000 588
800.5000 538
801.0000 589
801.5000 537
802.0000 543
802.5000 589
803.0000 527
803.5000 558
804.0000 534
804.5000 530
805.0000 605
805.5000 569
806.0000 578
806.5000 541
807.0000 529
807.5000 497
808.0000 550
808.5000 532
809.0000 567
809.5000 623
810.0000 571
810.5000 540
811.0000 550
811.5000 565
812.0000 541
812.5000 561
813.0000 562
813.5000 572
814.0000 548
814.5000 557
815.0000 564
815.5000 581
816.0000 555
816.5000 580
817.0000 564
817.5000 580
818.0000 596
818.5000 544
819.0000 574
819.5000 581
820.0000 572
820.5000 576
821.0000 583
821.5000 595
822.0000 570
822.5000 588
823.0000 601
823.5000 600
824.0000 573
824.5000 582
825.0000 556
825.5000 610
826.0000 597
826.5000 585
827.0000 594
827.5000 606
828.0000 591
828.5000 620
829.0000 583
829.5000 622
830.0000 614
830.5000 577
831.0000 585
831.5000 611
832.0000 592
832.5000 602
833.0000 629
833.5000 606
834.0000 620
834.5000 583
835.0000 634
835.5000 674
836.0000 637
836.5000 604
837.0000 634
837.5000 630
838.0000 585
838.5000 589
839.0000 625
839.5000 611
840.0000 593
840.5000 600
841.0000 0
841.5000 0
842.0000 1
842.5000 0
843.0000 0
843.5000 0
844.0000 0
844.5000 0
845.0000 1
845.5000 0
846.0000 0
846.5000 0
847.0000 0
847.5000 3
848.0000 10
848.5000 6
849.0000 153
849.5000 961
