0.0000 4
0.5000 2
1.0000 3
1.5000 1
2.0000 3
2.5000 3
3.0000 2
3.5000 1
4.0000 0
4.5000 3
5.0000 0
5.5000 2
6.0000 0
6.5000 1
7.0000 1
7.5000 3
8.0000 1
8.5000 2
9.0000 3
9.5000 4
10.0000 4
10.5000 4
11.0000 2
11.5000 6
12.0000 6
12.5000 2
13.0000 5
13.5000 8
14.0000 5
14.5000 6
15.0000 8
15.5000 11
16.0000 8
16.5000 12
17.0000 9
17.5000 8
18.0000 12
18.5000 23
19.0000 7
19.5000 12
20.0000 15
20.5000 17
21.0000 16
21.5000 14
22.0000 14
22.5000 13
23.0000 18
23.5000 22
24.0000 14
24.5000 14
25.0000 21
25.5000 17
26.0000 23
26.5000 21
27.0000 30
27.5000 25
28.0000 29
28.5000 24
29.0000 32
29.5000 22
30.0000 32
30.5000 35
31.0000 39
31.5000 26
32.0000 26
32.5000 23
33.0000 25
33.5000 39
34.0000 38
34.5000 42
35.0000 33
35.5000 37
36.0000 37
36.5000 43
37.0000 41
37.5000 33
38.0000 39
38.5000 41
39.0000 47
39.5000 31
40.0000 46
40.5000 39
41.0000 38
41.5000 42
42.0000 27
42.5000 39
43.0000 36
43.5000 36
44.0000 41
44.5000 43
45.0000 45
45.5000 52
46.0000 43
46.5000 52
47.0000 39
47.5000 44
48.0000 39
48.5000 58
49.0000 49
49.5000 52
50.0000 53
50.5000 49
51.0000 42
51.5000 62
52.0000 54
52.5000 63
53.0000 55
53.5000 59
54.0000 62
54.5000 51
55.0000 65
55.5000 50
56.0000 54
56.5000 57
57.0000 52
57.5000 63
58.0000 51
58.5000 66
59.0000 61
59.5000 48
60.0000 64
60.5000 61
61.0000 66
61.5000 42
62.0000 46
62.5000 80
63.0000 67
63.5000 65
64.0000 57
64.5000 69
65.0000 59
65.5000 54
66.0000 55
66.5000 81
67.0000 66
67.5000 66
68.0000 59
68.5000 71
69.0000 67
69.5000 47
70.0000 63
70.5000 56
71.0000 76
71.5000 68
72.0000 56
72.5000 64
73.0000 61
73.5000 62
74.0000 72
74.5000 62
75.0000 63
75.5000 81
76.0000 74
76.5000 76
77.0000 82
77.5000 70
78.0000 69
78.5000 80
79.0000 74
79.5000 79
80.0000 68
80.5000 70
81.0000 76
81.5000 71
82.0000 68
82.5000 51
83.0000 68
83.5000 74
84.0000 65
84.5000 71
85.0000 64
85.5000 82
86.0000 72
86.5000 81
87.0000 70
87.5000 88
88.0000 85
88.5000 95
89.0000 59
89.5000 79
90.0000 62
90.5000 83
91.0000 86
91.5000 69
92.0000 79
92.5000 58
93.0000 77
93.5000 70
94.0000 81
94.5000 82
95.0000 66
95.5000 71
96.0000 78
96.5000 87
97.0000 85
97.5000 81
98.0000 77
98.5000 82
99.0000 87
99.5000 95
100.0000 74
100.5000 75
101.0000 68
101.5000 93
102.0000 69
102.5000 72
103.0000 73
103.5000 91
104.0000 89
104.5000 87
105.0000 104
105.5000 75
106.0000 65
106.5000 92
107.0000 91
107.5000 66
108.0000 70
108.5000 74
109.0000 101
109.5000 93
110.0000 79
110.5000 88
111.0000 83
111.5000 88
112.0000 91
112.5000 92
113.0000 92
113.5000 85
114.0000 87
114.5000 93
115.0000 77
115.5000 96
116.0000 83
116.5000 97
117.0000 88
117.5000 84
118.0000 78
118.5000 94
119.0000 93
119.5000 90
120.0000 89
120.5000 111
121.0000 77
121.5000 91
122.0000 89
122.5000 97
123.0000 116
123.5000 113
124.0000 106
124.5000 123
125.0000 99
125.5000 109
126.0000 93
126.5000 98
127.0000 89
127.5000 100
128.0000 92
128.5000 92
129.0000 91
129.5000 89
130.0000 102
130.5000 111
131.0000 102
131.5000 76
132.0000 94
132.5000 110
133.0000 113
133.5000 98
134.0000 78
134.5000 116
135.0000 86
135.5000 83
136.0000 114
136.5000 101
137.0000 110
137.5000 122
138.0000 87
138.5000 107
139.0000 94
139.5000 122
140.0000 104
140.5000 90
141.0000 74
141.5000 87
142.0000 94
142.5000 95
143.0000 97
143.5000 100
144.0000 108
144.5000 109
145.0000 98
145.5000 112
146.0000 109
146.5000 95
147.0000 103
147.5000 104
148.0000 97
148.5000 103
149.0000 101
149.5000 109
150.0000 96
150.5000 91
151.0000 100
151.5000 114
152.0000 112
152.5000 99
153.0000 97
153.5000 106
154.0000 98
154.5000 90
155.0000 102
155.5000 97
156.0000 115
156.5000 105
157.0000 94
157.5000 85
158.0000 102
158.5000 105
159.0000 105
159.5000 109
160.0000 112
160.5000 68
161.0000 0
161.5000 0
162.0000 2
162.5000 3
163.0000 2
163.5000 4
164.0000 3
164.5000 2
165.0000 1
165.5000 3
166.0000 0
166.5000 2
167.0000 1
167.5000 3
168.0000 2
168.5000 1
169.0000 0
169.5000 2
170.0000 2
170.5000 1
171.0000 0
171.5000 1
172.0000 1
172.5000 0
173.0000 2
173.5000 3
174.0000 1
174.5000 1
175.0000 0
175.5000 1
176.0000 1
176.5000 0
177.0000 2
177.5000 0
178.0000 4
178.5000 0
179.0000 7
179.5000 0
180.0000 2
180.5000 1
181.0000 6
181.5000 2
182.0000 5
182.5000 4
183.0000 6
183.5000 8
184.0000 4
184.5000 8
185.0000 4
185.5000 5
186.0000 9
186.5000 5
187.0000 11
187.5000 9
188.0000 7
188.5000 8
189.0000 11
189.5000 6
190.0000 13
190.5000 11
191.0000 5
191.5000 12
192.0000 19
192.5000 12
193.0000 13
193.5000 14
194.0000 17
194.5000 19
195.0000 17
195.5000 18
196.0000 24
196.5000 24
197.0000 20
197.5000 22
198.0000 28
198.5000 29
199.0000 27
199.5000 23
200.0000 32
200.5000 24
201.0000 39
201.5000 25
202.0000 21
202.5000 34
203.0000 38
203.5000 20
204.0000 34
204.5000 40
205.0000 27
205.5000 32
206.0000 37
206.5000 40
207.0000 40
207.5000 30
208.0000 25
208.5000 30
209.0000 29
209.5000 42
210.0000 29
210.5000 27
211.0000 34
211.5000 28
212.0000 38
212.5000 44
213.0000 38
213.5000 43
214.0000 42
214.5000 45
215.0000 39
215.5000 43
216.0000 43
216.5000 52
217.0000 54
217.5000 40
218.0000 41
218.5000 32
219.0000 51
219.5000 37
220.0000 40
220.5000 50
221.0000 52
221.5000 55
222.0000 54
222.5000 52
223.0000 70
223.5000 61
224.0000 37
224.5000 46
225.0000 58
225.5000 64
226.0000 56
226.5000 47
227.0000 56
227.5000 54
228.0000 67
228.5000 61
229.0000 77
229.5000 55
230.0000 63
230.5000 59
231.0000 59
231.5000 66
232.0000 55
232.5000 63
233.0000 63
233.5000 68
234.0000 61
234.5000 41
235.0000 69
235.5000 67
236.0000 48
236.5000 55
237.0000 59
237.5000 65
238.0000 64
238.5000 58
239.0000 73
239.5000 62
240.0000 64
240.5000 60
241.0000 72
241.5000 69
242.0000 55
242.5000 73
243.0000 57
243.5000 62
244.0000 77
244.5000 70
245.0000 60
245.5000 69
246.0000 58
246.5000 82
247.0000 52
247.5000 60
248.0000 61
248.5000 59
249.0000 76
249.5000 59
250.0000 63
250.5000 67
251.0000 69
251.5000 55
252.0000 81
252.5000 65
253.0000 61
253.5000 76
254.0000 73
254.5000 59
255.0000 74
255.5000 83
256.0000 74
256.5000 76
257.0000 67
257.5000 74
258.0000 69
258.5000 75
259.0000 83
259.5000 62
260.0000 78
260.5000 83
261.0000 75
261.5000 76
262.0000 71
262.5000 88
263.0000 72
263.5000 79
264.0000 81
264.5000 80
265.0000 77
265.5000 85
266.0000 79
266.5000 70
267.0000 69
267.5000 86
268.0000 69
268.5000 77
269.0000 67
269.5000 63
270.0000 72
270.5000 92
271.0000 72
271.5000 92
272.0000 92
272.5000 61
273.0000 82
273.5000 80
274.0000 94
274.5000 70
275.0000 72
275.5000 93
276.0000 70
276.5000 81
277.0000 100
277.5000 87
278.0000 91
278.5000 82
279.0000 95
279.5000 81
280.0000 78
280.5000 83
281.0000 98
281.5000 94
282.0000 82
282.5000 75
283.0000 60
283.5000 78
284.0000 88
284.5000 90
285.0000 104
285.5000 68
286.0000 81
286.5000 88
287.0000 71
287.5000 84
288.0000 105
288.5000 97
289.0000 91
289.5000 87
290.0000 84
290.5000 109
291.0000 78
291.5000 83
292.0000 69
292.5000 83
293.0000 91
293.5000 103
294.0000 97
294.5000 95
295.0000 79
295.5000 97
296.0000 92
296.5000 82
297.0000 86
297.5000 95
298.0000 86
298.5000 97
299.0000 93
299.5000 87
300.0000 99
300.5000 95
301.0000 99
301.5000 87
302.0000 107
302.5000 88
303.0000 87
303.5000 76
304.0000 92
304.5000 111
305.0000 84
305.5000 90
306.0000 109
306.5000 93
307.0000 100
307.5000 87
308.0000 91
308.5000 94
309.0000 97
309.5000 82
310.0000 77
310.5000 92
311.0000 96
311.5000 106
312.0000 74
312.5000 100
313.0000 102
313.5000 93
314.0000 99
314.5000 120
315.0000 95
315.5000 103
316.0000 102
316.5000 75
317.0000 83
317.5000 95
318.0000 108
318.5000 97
319.0000 114
319.5000 117
320.0000 98
320.5000 79
321.0000 101
321.5000 94
322.0000 79
322.5000 109
323.0000 101
323.5000 98
324.0000 111
324.5000 108
325.0000 97
325.5000 94
326.0000 112
326.5000 100
327.0000 95
327.5000 123
328.0000 103
328.5000 105
329.0000 115
329.5000 98
330.0000 104
330.5000 104
331.0000 1
331.5000 2
332.0000 0
332.5000 1
333.0000 1
333.5000 2
334.0000 1
334.5000 1
335.0000 2
335.5000 0
336.0000 3
336.5000 0
337.0000 0
337.5000 0
338.0000 0
338.5000 1
339.0000 1
339.5000 1
340.0000 0
340.5000 1
341.0000 0
341.5000 1
342.0000 0
342.5000 0
343.0000 0
343.5000 1
344.0000 1
344.5000 0
345.0000 2
345.5000 3
346.0000 0
346.5000 0
347.0000 0
347.5000 1
348.0000 0
348.5000 0
349.0000 2
349.5000 3
350.0000 0
350.5000 4
351.0000 3
351.5000 2
352.0000 1
352.5000 5
353.0000 5
353.5000 3
354.0000 4
354.5000 6
355.0000 6
355.5000 7
356.0000 3
356.5000 9
357.0000 10
357.5000 8
358.0000 10
358.5000 7
359.0000 14
359.5000 13
360.0000 10
360.5000 8
361.0000 13
361.5000 8
362.0000 10
362.5000 13
363.0000 10
363.5000 9
364.0000 20
364.5000 5
365.0000 24
365.5000 17
366.0000 21
366.5000 12
367.0000 19
367.5000 26
368.0000 15
368.5000 18
369.0000 24
369.5000 28
370.0000 28
370.5000 25
371.0000 32
371.5000 21
372.0000 27
372.5000 29
373.0000 21
373.5000 20
374.0000 26
374.5000 36
375.0000 36
375.5000 39
376.0000 31
376.5000 25
377.0000 33
377.5000 43
378.0000 28
378.5000 22
379.0000 43
379.5000 36
380.0000 34
380.5000 31
381.0000 49
381.5000 47
382.0000 43
382.5000 36
383.0000 43
383.5000 45
384.0000 46
384.5000 40
385.0000 50
385.5000 32
386.0000 39
386.5000 58
387.0000 50
387.5000 46
388.0000 48
388.5000 49
389.0000 46
389.5000 48
390.0000 48
390.5000 49
391.0000 58
391.5000 40
392.0000 46
392.5000 43
393.0000 49
393.5000 43
394.0000 71
394.5000 47
395.0000 52
395.5000 46
396.0000 45
396.5000 38
397.0000 45
397.5000 52
398.0000 51
398.5000 43
399.0000 52
399.5000 62
400.0000 57
400.5000 50
401.0000 65
401.5000 49
402.0000 64
402.5000 62
403.0000 59
403.5000 61
404.0000 59
404.5000 66
405.0000 57
405.5000 74
406.0000 61
406.5000 56
407.0000 67
407.5000 70
408.0000 52
408.5000 50
409.0000 61
409.5000 66
410.0000 74
410.5000 51
411.0000 58
411.5000 68
412.0000 85
412.5000 77
413.0000 58
413.5000 47
414.0000 66
414.5000 71
415.0000 78
415.5000 57
416.0000 74
416.5000 65
417.0000 60
417.5000 83
418.0000 73
418.5000 71
419.0000 59
419.5000 69
420.0000 55
420.5000 65
421.0000 64
421.5000 77
422.0000 69
422.5000 57
423.0000 65
423.5000 56
424.0000 62
424.5000 70
425.0000 64
425.5000 61
426.0000 67
426.5000 58
427.0000 63
427.5000 62
428.0000 67
428.5000 76
429.0000 73
429.5000 61
430.0000 74
430.5000 81
431.0000 81
431.5000 75
432.0000 79
432.5000 79
433.0000 69
433.5000 72
434.0000 95
434.5000 71
435.0000 73
435.5000 65
436.0000 84
436.5000 90
437.0000 89
437.5000 77
438.0000 80
438.5000 68
439.0000 83
439.5000 94
440.0000 87
440.5000 75
441.0000 71
441.5000 84
442.0000 91
442.5000 89
443.0000 84
443.5000 77
444.0000 77
444.5000 81
445.0000 71
445.5000 76
446.0000 76
446.5000 79
447.0000 86
447.5000 75
448.0000 81
448.5000 77
449.0000 80
449.5000 78
450.0000 75
450.5000 71
451.0000 89
451.5000 70
452.0000 79
452.5000 90
453.0000 75
453.5000 83
454.0000 96
454.5000 83
455.0000 78
455.5000 77
456.0000 94
456.5000 78
457.0000 87
457.5000 87
458.0000 84
458.5000 87
459.0000 88
459.5000 81
460.0000 87
460.5000 83
461.0000 103
461.5000 92
462.0000 98
462.5000 87
463.0000 71
463.5000 71
464.0000 78
464.5000 76
465.0000 115
465.5000 78
466.0000 69
466.5000 98
467.0000 76
467.5000 75
468.0000 101
468.5000 88
469.0000 82
469.5000 90
470.0000 97
470.5000 90
471.0000 93
471.5000 84
472.0000 79
472.5000 98
473.0000 82
473.5000 87
474.0000 87
474.5000 86
475.0000 102
475.5000 79
476.0000 80
476.5000 104
477.0000 92
477.5000 76
478.0000 105
478.5000 88
479.0000 100
479.5000 94
480.0000 92
480.5000 63
481.0000 97
481.5000 78
482.0000 98
482.5000 98
483.0000 105
483.5000 109
484.0000 84
484.5000 104
485.0000 88
485.5000 90
486.0000 77
486.5000 93
487.0000 100
487.5000 93
488.0000 104
488.5000 106
489.0000 106
489.5000 110
490.0000 109
490.5000 105
491.0000 111
491.5000 86
492.0000 91
492.5000 83
493.0000 101
493.5000 104
494.0000 80
494.5000 123
495.0000 96
495.5000 86
496.0000 100
496.5000 94
497.0000 106
497.5000 108
498.0000 88
498.5000 87
499.0000 97
499.5000 106
500.0000 95
500.5000 79
501.0000 1
501.5000 3
502.0000 1
502.5000 2
503.0000 1
503.5000 1
504.0000 0
504.5000 3
505.0000 2
505.5000 1
506.0000 0
506.5000 1
507.0000 2
507.5000 0
508.0000 1
508.5000 1
509.0000 1
509.5000 0
510.0000 3
510.5000 2
511.0000 1
511.5000 4
512.0000 2
512.5000 0
513.0000 1
513.5000 1
514.0000 2
514.5000 1
515.0000 3
515.5000 2
516.0000 0
516.5000 3
517.0000 2
517.5000 3
518.0000 4
518.5000 2
519.0000 2
519.5000 4
520.0000 3
520.5000 2
521.0000 5
521.5000 4
522.0000 2
522.5000 3
523.0000 1
523.5000 3
524.0000 2
524.5000 2
525.0000 3
525.5000 5
526.0000 6
526.5000 9
527.0000 3
527.5000 9
528.0000 5
528.5000 6
529.0000 11
529.5000 10
530.0000 9
530.5000 7
531.0000 7
531.5000 12
532.0000 9
532.5000 7
533.0000 11
533.5000 15
534.0000 14
534.5000 13
535.0000 17
535.5000 16
536.0000 20
536.5000 19
537.0000 22
537.5000 19
538.0000 27
538.5000 21
539.0000 13
539.5000 30
540.0000 28
540.5000 16
541.0000 30
541.5000 22
542.0000 27
542.5000 30
543.0000 27
543.5000 24
544.0000 35
544.5000 26
545.0000 35
545.5000 30
546.0000 27
546.5000 30
547.0000 23
547.5000 20
548.0000 26
548.5000 27
549.0000 26
549.5000 44
550.0000 27
550.5000 29
551.0000 37
551.5000 38
552.0000 41
552.5000 40
553.0000 39
553.5000 34
554.0000 40
554.5000 42
555.0000 41
555.5000 38
556.0000 37
556.5000 30
557.0000 25
557.5000 41
558.0000 40
558.5000 31
559.0000 40
559.5000 47
560.0000 49
560.5000 37
561.0000 50
561.5000 40
562.0000 41
562.5000 48
563.0000 49
563.5000 45
564.0000 55
564.5000 40
565.0000 50
565.5000 56
566.0000 52
566.5000 54
567.0000 54
567.5000 49
568.0000 35
568.5000 64
569.0000 49
569.5000 57
570.0000 45
570.5000 54
571.0000 57
571.5000 48
572.0000 54
572.5000 55
573.0000 53
573.5000 49
574.0000 62
574.5000 59
575.0000 59
575.5000 53
576.0000 60
576.5000 59
577.0000 63
577.5000 68
578.0000 60
578.5000 60
579.0000 57
579.5000 63
580.0000 54
580.5000 54
581.0000 66
581.5000 70
582.0000 51
582.5000 59
583.0000 61
583.5000 57
584.0000 61
584.5000 71
585.0000 78
585.5000 63
586.0000 69
586.5000 61
587.0000 64
587.5000 82
588.0000 79
588.5000 69
589.0000 74
589.5000 63
590.0000 69
590.5000 66
591.0000 87
591.5000 68
592.0000 58
592.5000 61
593.0000 79
593.5000 77
594.0000 74
594.5000 76
595.0000 73
595.5000 65
596.0000 66
596.5000 65
597.0000 67
597.5000 76
598.0000 73
598.5000 73
599.0000 71
599.5000 66
600.0000 76
600.5000 69
601.0000 79
601.5000 88
602.0000 87
602.5000 64
603.0000 63
603.5000 76
604.0000 81
604.5000 82
605.0000 89
605.5000 64
606.0000 79
606.5000 69
607.0000 67
607.5000 75
608.0000 68
608.5000 78
609.0000 76
609.5000 67
610.0000 94
610.5000 69
611.0000 89
611.5000 62
612.0000 78
612.5000 78
613.0000 101
613.5000 71
614.0000 89
614.5000 61
615.0000 71
615.5000 82
616.0000 89
616.5000 81
617.0000 91
617.5000 79
618.0000 81
618.5000 79
619.0000 85
619.5000 81
620.0000 81
620.5000 93
621.0000 91
621.5000 69
622.0000 77
622.5000 92
623.0000 84
623.5000 91
624.0000 86
624.5000 70
625.0000 91
625.5000 96
626.0000 82
626.5000 79
627.0000 88
627.5000 94
628.0000 88
628.5000 99
629.0000 84
629.5000 87
630.0000 82
630.5000 76
631.0000 90
631.5000 87
632.0000 92
632.5000 84
633.0000 94
633.5000 78
634.0000 81
634.5000 93
635.0000 83
635.5000 88
636.0000 86
636.5000 73
637.0000 95
637.5000 80
638.0000 84
638.5000 100
639.0000 100
639.5000 97
640.0000 91
640.5000 101
641.0000 107
641.5000 105
642.0000 98
642.5000 80
643.0000 90
643.5000 93
644.0000 97
644.5000 118
645.0000 100
645.5000 89
646.0000 102
646.5000 83
647.0000 94
647.5000 89
648.0000 86
648.5000 104
649.0000 114
649.5000 90
650.0000 94
650.5000 82
651.0000 89
651.5000 96
652.0000 82
652.5000 92
653.0000 93
653.5000 99
654.0000 91
654.5000 86
655.0000 94
655.5000 84
656.0000 96
656.5000 83
657.0000 79
657.5000 87
658.0000 88
658.5000 88
659.0000 121
659.5000 95
660.0000 96
660.5000 106
661.0000 92
661.5000 83
662.0000 87
662.5000 94
663.0000 91
663.5000 98
664.0000 92
664.5000 75
665.0000 82
665.5000 95
666.0000 101
666.5000 99
667.0000 96
667.5000 73
668.0000 118
668.5000 99
669.0000 99
669.5000 106
670.0000 92
670.5000 78
671.0000 1
671.5000 0
672.0000 0
672.5000 0
673.0000 1
673.5000 0
674.0000 0
674.5000 0
675.0000 1
675.5000 1
676.0000 1
676.5000 0
677.0000 0
677.5000 3
678.0000 0
678.5000 1
679.0000 0
679.5000 0
680.0000 0
680.5000 2
681.0000 0
681.5000 0
682.0000 7
682.5000 0
683.0000 1
683.5000 1
684.0000 2
684.5000 1
685.0000 0
685.5000 2
686.0000 1
686.5000 1
687.0000 1
687.5000 1
688.0000 0
688.5000 0
689.0000 1
689.5000 1
690.0000 1
690.5000 2
691.0000 3
691.5000 1
692.0000 5
692.5000 3
693.0000 4
693.5000 2
694.0000 8
694.5000 4
695.0000 2
695.5000 3
696.0000 3
696.5000 5
697.0000 5
697.5000 6
698.0000 11
698.5000 8
699.0000 7
699.5000 9
700.0000 7
700.5000 10
701.0000 5
701.5000 10
702.0000 12
702.5000 9
703.0000 14
703.5000 13
704.0000 19
704.5000 8
705.0000 18
705.5000 20
706.0000 13
706.5000 17
707.0000 18
707.5000 23
708.0000 16
708.5000 18
709.0000 21
709.5000 20
710.0000 18
710.5000 33
711.0000 19
711.5000 25
712.0000 28
712.5000 18
713.0000 26
713.5000 29
714.0000 29
714.5000 17
715.0000 31
715.5000 20
716.0000 27
716.5000 35
717.0000 25
717.5000 31
718.0000 40
718.5000 31
719.0000 40
719.5000 32
720.0000 33
720.5000 27
721.0000 39
721.5000 33
722.0000 38
722.5000 44
723.0000 40
723.5000 36
724.0000 38
724.5000 32
725.0000 37
725.5000 46
726.0000 33
726.5000 47
727.0000 45
727.5000 50
728.0000 45
728.5000 36
729.0000 44
729.5000 39
730.0000 37
730.5000 44
731.0000 37
731.5000 50
732.0000 48
732.5000 41
733.0000 53
733.5000 35
734.0000 41
734.5000 48
735.0000 49
735.5000 41
736.0000 52
736.5000 45
737.0000 56
737.5000 56
738.0000 58
738.5000 45
739.0000 60
739.5000 59
740.0000 65
740.5000 50
741.0000 60
741.5000 56
742.0000 56
742.5000 52
743.0000 59
743.5000 53
744.0000 57
744.5000 65
745.0000 44
745.5000 45
746.0000 65
746.5000 57
747.0000 59
747.5000 60
748.0000 55
748.5000 69
749.0000 75
749.5000 57
750.0000 52
750.5000 75
751.0000 48
751.5000 57
752.0000 69
752.5000 67
753.0000 64
753.5000 66
754.0000 57
754.5000 74
755.0000 71
755.5000 69
756.0000 71
756.5000 61
757.0000 69
757.5000 72
758.0000 65
758.5000 69
759.0000 54
759.5000 65
760.0000 66
760.5000 69
761.0000 51
761.5000 70
762.0000 76
762.5000 69
763.0000 86
763.5000 75
764.0000 68
764.5000 72
765.0000 70
765.5000 82
766.0000 75
766.5000 54
767.0000 65
767.5000 76
768.0000 66
768.5000 91
769.0000 63
769.5000 81
770.0000 69
770.5000 63
771.0000 69
771.5000 76
772.0000 78
772.5000 76
773.0000 75
773.5000 85
774.0000 74
774.5000 81
775.0000 61
775.5000 87
776.0000 64
776.5000 60
777.0000 66
777.5000 62
778.0000 74
778.5000 79
779.0000 72
779.5000 81
780.0000 66
780.5000 61
781.0000 75
781.5000 74
782.0000 72
782.5000 86
783.0000 68
783.5000 61
784.0000 72
784.5000 63
785.0000 78
785.5000 72
786.0000 94
786.5000 71
787.0000 82
787.5000 80
788.0000 77
788.5000 73
789.0000 65
789.5000 70
790.0000 72
790.5000 75
791.0000 76
791.5000 78
792.0000 74
792.5000 82
793.0000 76
793.5000 62
794.0000 96
794.5000 87
795.0000 94
795.5000 77
796.0000 100
796.5000 84
797.0000 72
797.5000 61
798.0000 86
798.5000 88
799.0000 81
799.5000 71
800.0000 86
800.5000 74
801.0000 83
801.5000 82
802.0000 81
802.5000 76
803.0000 91
803.5000 95
804.0000 70
804.5000 81
805.0000 88
805.5000 89
806.0000 86
806.5000 79
807.0000 63
807.5000 81
808.0000 101
808.5000 70
809.0000 106
809.5000 93
810.0000 84
810.5000 89
811.0000 82
811.5000 88
812.0000 96
812.5000 90
813.0000 75
813.5000 84
814.0000 85
814.5000 82
815.0000 97
815.5000 90
816.0000 101
816.5000 98
817.0000 99
817.5000 94
818.0000 65
818.5000 99
819.0000 88
819.5000 91
820.0000 85
820.5000 87
821.0000 95
821.5000 87
822.0000 115
822.5000 88
823.0000 88
823.5000 83
824.0000 92
824.5000 95
825.0000 80
825.5000 104
826.0000 78
826.5000 94
827.0000 85
827.5000 81
828.0000 98
828.5000 93
829.0000 92
829.5000 95
830.0000 88
830.5000 98
831.0000 93
831.5000 98
832.0000 94
832.5000 86
833.0000 97
833.5000 95
834.0000 81
834.5000 84
835.0000 95
835.5000 100
836.0000 90
836.5000 86
837.0000 101
837.5000 95
838.0000 106
838.5000 115
839.0000 93
839.5000 93
840.0000 99
840.5000 107
841.0000 0
841.5000 0
842.0000 1
842.5000 0
843.0000 1
843.5000 1
844.0000 0
844.5000 0
845.0000 0
845.5000 1
846.0000 0
846.5000 1
847.0000 0
847.5000 1
848.0000 1
848.5000 0
849.0000 0
849.5000 0
