0.0000 2
1.0000 3
2.0000 3
3.0000 1
4.0000 0
5.0000 1
6.0000 2
7.0000 0
8.0000 0
9.0000 0
10.0000 4
11.0000 0
12.0000 1
13.0000 0
14.0000 1
15.0000 0
16.0000 1
17.0000 2
18.0000 0
19.0000 2
20.0000 0
21.0000 3
22.0000 1
23.0000 1
24.0000 1
25.0000 0
26.0000 0
27.0000 2
28.0000 0
29.0000 1
30.0000 2
31.0000 3
32.0000 1
33.0000 1
34.0000 3
35.0000 4
36.0000 2
37.0000 2
38.0000 4
39.0000 2
40.0000 1
41.0000 2
42.0000 3
43.0000 1
44.0000 2
45.0000 1
46.0000 0
47.0000 4
48.0000 2
49.0000 2
50.0000 3
51.0000 3
52.0000 2
53.0000 2
54.0000 2
55.0000 3
56.0000 6
57.0000 4
58.0000 2
59.0000 8
60.0000 8
61.0000 6
62.0000 4
63.0000 3
64.0000 6
65.0000 3
66.0000 10
67.0000 8
68.0000 2
69.0000 9
70.0000 13
71.0000 7
72.0000 11
73.0000 11
74.0000 7
75.0000 6
76.0000 12
77.0000 15
78.0000 13
79.0000 19
80.0000 17
81.0000 14
82.0000 16
83.0000 20
84.0000 21
85.0000 25
86.0000 26
87.0000 33
88.0000 33
89.0000 36
90.0000 40
91.0000 46
92.0000 50
93.0000 50
94.0000 50
95.0000 46
96.0000 42
97.0000 54
98.0000 56
99.0000 68
100.0000 66
101.0000 54
102.0000 56
103.0000 92
104.0000 89
105.0000 102
106.0000 108
107.0000 124
108.0000 126
109.0000 118
110.0000 128
111.0000 138
112.0000 144
113.0000 177
114.0000 141
115.0000 158
116.0000 199
117.0000 180
118.0000 180
119.0000 224
120.0000 212
121.0000 242
122.0000 270
123.0000 230
124.0000 259
125.0000 275
126.0000 293
127.0000 317
128.0000 330
129.0000 281
130.0000 363
131.0000 341
132.0000 359
133.0000 360
134.0000 364
135.0000 397
136.0000 410
137.0000 414
138.0000 417
139.0000 427
140.0000 440
141.0000 448
142.0000 475
143.0000 486
144.0000 502
145.0000 541
146.0000 521
147.0000 556
148.0000 540
149.0000 582
150.0000 656
151.0000 593
152.0000 633
153.0000 586
154.0000 654
155.0000 635
156.0000 686
157.0000 661
158.0000 680
159.0000 720
160.0000 712
161.0000 725
162.0000 793
163.0000 796
164.0000 818
165.0000 821
166.0000 770
167.0000 806
168.0000 915
169.0000 866
170.0000 887
171.0000 948
172.0000 930
173.0000 960
174.0000 930
175.0000 983
176.0000 1006
177.0000 1072
178.0000 1003
179.0000 990
180.0000 1036
181.0000 1033
182.0000 1081
183.0000 1060
184.0000 1086
185.0000 1097
186.0000 1143
187.0000 1112
188.0000 1127
189.0000 1110
190.0000 1094
191.0000 1142
192.0000 1138
193.0000 1114
194.0000 1163
195.0000 1190
196.0000 1197
197.0000 1186
198.0000 1227
199.0000 1235
200.0000 1236
201.0000 1265
202.0000 1289
203.0000 1190
204.0000 1181
205.0000 1291
206.0000 1318
207.0000 1247
208.0000 1243
209.0000 1344
210.0000 1365
211.0000 1392
212.0000 1345
213.0000 1306
214.0000 1384
215.0000 1380
216.0000 1345
217.0000 1360
218.0000 1336
219.0000 1334
220.0000 1392
221.0000 1372
222.0000 1357
223.0000 1349
224.0000 1431
225.0000 1365
226.0000 1448
227.0000 1341
228.0000 1421
229.0000 1378
230.0000 1406
231.0000 1388
232.0000 1346
233.0000 1429
234.0000 1385
235.0000 1414
236.0000 1418
237.0000 1374
238.0000 1346
239.0000 1360
240.0000 1417
241.0000 1420
242.0000 1436
243.0000 1319
244.0000 1411
245.0000 1343
246.0000 1423
247.0000 1434
248.0000 1436
249.0000 1307
250.0000 1404
251.0000 1459
252.0000 1374
253.0000 1370
254.0000 1325
255.0000 1324
256.0000 1369
257.0000 1334
258.0000 1417
259.0000 1354
260.0000 1295
261.0000 1389
262.0000 1394
263.0000 1361
264.0000 1360
265.0000 1395
266.0000 1456
267.0000 1332
268.0000 1340
269.0000 1437
270.0000 1379
271.0000 1374
272.0000 1355
273.0000 1368
274.0000 1458
275.0000 1383
276.0000 1337
277.0000 1347
278.0000 1383
279.0000 1384
280.0000 1292
281.0000 1445
282.0000 1378
283.0000 1392
284.0000 1361
285.0000 1340
286.0000 1318
287.0000 1382
288.0000 1383
289.0000 1438
290.0000 1295
291.0000 1462
292.0000 1420
293.0000 1383
294.0000 1359
295.0000 1429
296.0000 1398
297.0000 1397
298.0000 1354
299.0000 1379
300.0000 1468
301.0000 1372
302.0000 1366
303.0000 1418
304.0000 1423
305.0000 1491
306.0000 1441
307.0000 1466
308.0000 1516
309.0000 1481
310.0000 1392
311.0000 1473
312.0000 1415
313.0000 1495
314.0000 1457
315.0000 1445
316.0000 1496
317.0000 1461
318.0000 1457
319.0000 1446
320.0000 1423
321.0000 618
322.0000 1
323.0000 0
324.0000 1
325.0000 2
326.0000 0
327.0000 0
328.0000 1
329.0000 1
330.0000 2
331.0000 2
332.0000 2
333.0000 1
334.0000 2
335.0000 0
336.0000 0
337.0000 2
338.0000 3
339.0000 2
340.0000 2
341.0000 2
342.0000 1
343.0000 0
344.0000 1
345.0000 3
346.0000 1
347.0000 0
348.0000 1
349.0000 0
350.0000 1
351.0000 1
352.0000 1
353.0000 1
354.0000 0
355.0000 5
356.0000 0
357.0000 1
358.0000 0
359.0000 2
360.0000 1
361.0000 1
362.0000 1
363.0000 1
364.0000 1
365.0000 3
366.0000 0
367.0000 0
368.0000 1
369.0000 0
370.0000 1
371.0000 1
372.0000 0
373.0000 2
374.0000 1
375.0000 3
376.0000 1
377.0000 1
378.0000 0
379.0000 2
380.0000 1
381.0000 1
382.0000 2
383.0000 1
384.0000 0
385.0000 2
386.0000 2
387.0000 2
388.0000 4
389.0000 1
390.0000 0
391.0000 1
392.0000 2
393.0000 3
394.0000 1
395.0000 3
396.0000 4
397.0000 4
398.0000 3
399.0000 0
400.0000 2
401.0000 5
402.0000 2
403.0000 4
404.0000 0
405.0000 0
406.0000 7
407.0000 3
408.0000 5
409.0000 3
410.0000 3
411.0000 3
412.0000 5
413.0000 7
414.0000 7
415.0000 8
416.0000 5
417.0000 9
418.0000 2
419.0000 6
420.0000 7
421.0000 4
422.0000 8
423.0000 14
424.0000 14
425.0000 15
426.0000 10
427.0000 14
428.0000 15
429.0000 18
430.0000 14
431.0000 15
432.0000 27
433.0000 21
434.0000 28
435.0000 27
436.0000 23
437.0000 29
438.0000 32
439.0000 29
440.0000 36
441.0000 31
442.0000 49
443.0000 30
444.0000 53
445.0000 61
446.0000 51
447.0000 55
448.0000 71
449.0000 66
450.0000 87
451.0000 80
452.0000 84
453.0000 104
454.0000 97
455.0000 111
456.0000 90
457.0000 99
458.0000 113
459.0000 136
460.0000 132
461.0000 148
462.0000 163
463.0000 156
464.0000 151
465.0000 193
466.0000 200
467.0000 200
468.0000 205
469.0000 197
470.0000 217
471.0000 223
472.0000 247
473.0000 231
474.0000 235
475.0000 257
476.0000 242
477.0000 292
478.0000 281
479.0000 327
480.0000 310
481.0000 324
482.0000 341
483.0000 336
484.0000 387
485.0000 369
486.0000 384
487.0000 407
488.0000 364
489.0000 412
490.0000 421
491.0000 442
492.0000 458
493.0000 468
494.0000 462
495.0000 485
496.0000 483
497.0000 527
498.0000 510
499.0000 551
500.0000 548
501.0000 562
502.0000 579
503.0000 606
504.0000 641
505.0000 659
506.0000 668
507.0000 602
508.0000 675
509.0000 703
510.0000 692
511.0000 683
512.0000 761
513.0000 813
514.0000 770
515.0000 768
516.0000 803
517.0000 795
518.0000 809
519.0000 859
520.0000 860
521.0000 870
522.0000 903
523.0000 888
524.0000 923
525.0000 932
526.0000 897
527.0000 942
528.0000 880
529.0000 961
530.0000 993
531.0000 984
532.0000 1028
533.0000 987
534.0000 1054
535.0000 1028
536.0000 1037
537.0000 1056
538.0000 1108
539.0000 1078
540.0000 985
541.0000 1036
542.0000 1112
543.0000 1188
544.0000 1172
545.0000 1113
546.0000 1127
547.0000 1127
548.0000 1242
549.0000 1176
550.0000 1252
551.0000 1220
552.0000 1243
553.0000 1216
554.0000 1285
555.0000 1256
556.0000 1247
557.0000 1247
558.0000 1170
559.0000 1186
560.0000 1257
561.0000 1228
562.0000 1283
563.0000 1212
564.0000 1250
565.0000 1301
566.0000 1288
567.0000 1336
568.0000 1361
569.0000 1353
570.0000 1294
571.0000 1292
572.0000 1314
573.0000 1294
574.0000 1382
575.0000 1358
576.0000 1268
577.0000 1298
578.0000 1313
579.0000 1374
580.0000 1303
581.0000 1308
582.0000 1385
583.0000 1346
584.0000 1429
585.0000 1358
586.0000 1291
587.0000 1382
588.0000 1341
589.0000 1330
590.0000 1336
591.0000 1274
592.0000 1335
593.0000 1338
594.0000 1298
595.0000 1327
596.0000 1402
597.0000 1302
598.0000 1307
599.0000 1288
600.0000 1285
601.0000 1336
602.0000 1339
603.0000 1364
604.0000 1354
605.0000 1300
606.0000 1370
607.0000 1379
608.0000 1379
609.0000 1368
610.0000 1394
611.0000 1335
612.0000 1365
613.0000 1328
614.0000 1331
615.0000 1348
616.0000 1362
617.0000 1402
618.0000 1397
619.0000 1388
620.0000 1410
621.0000 1371
622.0000 1309
623.0000 1318
624.0000 1340
625.0000 1379
626.0000 1407
627.0000 1334
628.0000 1326
629.0000 1378
630.0000 1403
631.0000 1437
632.0000 1369
633.0000 1396
634.0000 1373
635.0000 1357
636.0000 1375
637.0000 1339
638.0000 1388
639.0000 1441
640.0000 1367
641.0000 1444
642.0000 1380
643.0000 1311
644.0000 1356
645.0000 1380
646.0000 1427
647.0000 1374
648.0000 1339
649.0000 1416
650.0000 1462
651.0000 1454
652.0000 1403
653.0000 1348
654.0000 1342
655.0000 1390
656.0000 1387
657.0000 1367
658.0000 1437
659.0000 1373
660.0000 1415
661.0000 1446
662.0000 1402
663.0000 1422
664.0000 1407
665.0000 1418
666.0000 1422
667.0000 1470
668.0000 1414
669.0000 1524
670.0000 1447
671.0000 696
672.0000 2
673.0000 3
674.0000 3
675.0000 3
676.0000 1
677.0000 0
678.0000 1
679.0000 5
680.0000 1
681.0000 2
682.0000 0
683.0000 0
684.0000 0
685.0000 1
686.0000 1
687.0000 0
688.0000 2
689.0000 1
690.0000 4
691.0000 1
692.0000 1
693.0000 3
694.0000 4
695.0000 2
696.0000 0
697.0000 1
698.0000 1
699.0000 0
