0.0000 3
0.5000 0
1.0000 3
1.5000 1
2.0000 1
2.5000 2
3.0000 2
3.5000 1
4.0000 3
4.5000 2
5.0000 2
5.5000 1
6.0000 2
6.5000 3
7.0000 0
7.5000 1
8.0000 3
8.5000 0
9.0000 4
9.5000 0
10.0000 2
10.5000 1
11.0000 1
11.5000 2
12.0000 1
12.5000 2
13.0000 2
13.5000 3
14.0000 3
14.5000 7
15.0000 3
15.5000 3
16.0000 6
16.5000 3
17.0000 4
17.5000 0
18.0000 2
18.5000 0
19.0000 1
19.5000 1
20.0000 2
20.5000 0
21.0000 2
21.5000 1
22.0000 0
22.5000 2
23.0000 2
23.5000 9
24.0000 2
24.5000 3
25.0000 3
25.5000 4
26.0000 3
26.5000 2
27.0000 3
27.5000 2
28.0000 2
28.5000 3
29.0000 2
29.5000 2
30.0000 1
30.5000 2
31.0000 2
31.5000 2
32.0000 3
32.5000 6
33.0000 1
33.5000 2
34.0000 1
34.5000 2
35.0000 6
35.5000 1
36.0000 1
36.5000 6
37.0000 3
37.5000 7
38.0000 3
38.5000 4
39.0000 2
39.5000 5
40.0000 4
40.5000 8
41.0000 11
41.5000 9
42.0000 5
42.5000 1
43.0000 10
43.5000 10
44.0000 9
44.5000 9
45.0000 4
45.5000 9
46.0000 10
46.5000 7
47.0000 10
47.5000 2
48.0000 18
48.5000 15
49.0000 10
49.5000 13
50.0000 17
50.5000 16
51.0000 18
51.5000 18
52.0000 15
52.5000 27
53.0000 21
53.5000 28
54.0000 20
54.5000 23
55.0000 25
55.5000 20
56.0000 34
56.5000 40
57.0000 36
57.5000 34
58.0000 37
58.5000 40
59.0000 41
59.5000 47
60.0000 54
60.5000 65
61.0000 43
61.5000 61
62.0000 50
62.5000 63
63.0000 60
63.5000 62
64.0000 55
64.5000 65
65.0000 87
65.5000 77
66.0000 66
66.5000 64
67.0000 88
67.5000 62
68.0000 88
68.5000 72
69.0000 76
69.5000 90
70.0000 80
70.5000 90
71.0000 108
71.5000 91
72.0000 98
72.5000 101
73.0000 107
73.5000 121
74.0000 106
74.5000 88
75.0000 105
75.5000 116
76.0000 114
76.5000 101
77.0000 108
77.5000 109
78.0000 105
78.5000 124
79.0000 118
79.5000 138
80.0000 138
80.5000 133
81.0000 134
81.5000 91
82.0000 143
82.5000 111
83.0000 127
83.5000 144
84.0000 142
84.5000 138
85.0000 137
85.5000 112
86.0000 128
86.5000 142
87.0000 156
87.5000 148
88.0000 148
88.5000 159
89.0000 149
89.5000 156
90.0000 179
90.5000 174
91.0000 158
91.5000 167
92.0000 164
92.5000 157
93.0000 184
93.5000 182
94.0000 163
94.5000 158
95.0000 192
95.5000 184
96.0000 187
96.5000 194
97.0000 199
97.5000 194
98.0000 199
98.5000 193
99.0000 191
99.5000 210
100.0000 203
100.5000 182
101.0000 188
101.5000 201
102.0000 159
102.5000 201
103.0000 216
103.5000 188
104.0000 197
104.5000 209
105.0000 235
105.5000 203
106.0000 220
106.5000 211
107.0000 193
107.5000 225
108.0000 239
108.5000 210
109.0000 241
109.5000 223
110.0000 238
110.5000 231
111.0000 221
111.5000 241
112.0000 234
112.5000 227
113.0000 253
113.5000 240
114.0000 249
114.5000 257
115.0000 233
115.5000 238
116.0000 236
116.5000 247
117.0000 234
117.5000 238
118.0000 232
118.5000 260
119.0000 267
119.5000 253
120.0000 263
120.5000 271
121.0000 249
121.5000 275
122.0000 274
122.5000 282
123.0000 305
123.5000 288
124.0000 262
124.5000 254
125.0000 289
125.5000 260
126.0000 292
126.5000 326
127.0000 272
127.5000 305
128.0000 308
128.5000 285
129.0000 285
129.5000 281
130.0000 304
130.5000 290
131.0000 285
131.5000 328
132.0000 302
132.5000 320
133.0000 282
133.5000 311
134.0000 340
134.5000 325
135.0000 304
135.5000 319
136.0000 319
136.5000 300
137.0000 352
137.5000 319
138.0000 308
138.5000 339
139.0000 322
139.5000 349
140.0000 347
140.5000 318
141.0000 366
141.5000 364
142.0000 336
142.5000 349
143.0000 328
143.5000 346
144.0000 308
144.5000 366
145.0000 359
145.5000 336
146.0000 339
146.5000 356
147.0000 388
147.5000 352
148.0000 364
148.5000 384
149.0000 379
149.5000 401
150.0000 391
150.5000 354
151.0000 361
151.5000 349
152.0000 367
152.5000 408
153.0000 403
153.5000 337
154.0000 362
154.5000 335
155.0000 374
155.5000 412
156.0000 394
156.5000 356
157.0000 417
157.5000 399
158.0000 421
158.5000 401
159.0000 377
159.5000 390
160.0000 409
160.5000 338
161.0000 0
161.5000 0
162.0000 1
162.5000 0
163.0000 0
163.5000 1
164.0000 2
164.5000 0
165.0000 0
165.5000 0
166.0000 1
166.5000 1
167.0000 1
167.5000 0
168.0000 1
168.5000 2
169.0000 0
169.5000 1
170.0000 0
170.5000 0
171.0000 0
171.5000 0
172.0000 0
172.5000 0
173.0000 0
173.5000 0
174.0000 0
174.5000 1
175.0000 0
175.5000 0
176.0000 1
176.5000 1
177.0000 0
177.5000 0
178.0000 2
178.5000 2
179.0000 0
179.5000 0
180.0000 0
180.5000 1
181.0000 0
181.5000 0
182.0000 0
182.5000 2
183.0000 1
183.5000 1
184.0000 1
184.5000 0
185.0000 3
185.5000 0
186.0000 2
186.5000 0
187.0000 4
187.5000 1
188.0000 2
188.5000 1
189.0000 0
189.5000 1
190.0000 0
190.5000 1
191.0000 0
191.5000 2
192.0000 2
192.5000 0
193.0000 1
193.5000 0
194.0000 1
194.5000 2
195.0000 0
195.5000 0
196.0000 2
196.5000 2
197.0000 3
197.5000 0
198.0000 3
198.5000 1
199.0000 0
199.5000 1
200.0000 0
200.5000 2
201.0000 0
201.5000 2
202.0000 0
202.5000 0
203.0000 0
203.5000 0
204.0000 1
204.5000 1
205.0000 0
205.5000 0
206.0000 2
206.5000 0
207.0000 1
207.5000 1
208.0000 0
208.5000 2
209.0000 0
209.5000 0
210.0000 1
210.5000 4
211.0000 1
211.5000 3
212.0000 3
212.5000 1
213.0000 1
213.5000 3
214.0000 5
214.5000 2
215.0000 4
215.5000 3
216.0000 3
216.5000 1
217.0000 5
217.5000 1
218.0000 6
218.5000 2
219.0000 6
219.5000 2
220.0000 3
220.5000 6
221.0000 8
221.5000 3
222.0000 7
222.5000 3
223.0000 6
223.5000 6
224.0000 6
224.5000 6
225.0000 10
225.5000 10
226.0000 7
226.5000 7
227.0000 12
227.5000 8
228.0000 7
228.5000 11
229.0000 7
229.5000 19
230.0000 15
230.5000 11
231.0000 14
231.5000 20
232.0000 12
232.5000 15
233.0000 27
233.5000 24
234.0000 37
234.5000 27
235.0000 25
235.5000 34
236.0000 28
236.5000 28
237.0000 36
237.5000 34
238.0000 32
238.5000 25
239.0000 31
239.5000 51
240.0000 40
240.5000 44
241.0000 48
241.5000 57
242.0000 48
242.5000 55
243.0000 56
243.5000 45
244.0000 55
244.5000 49
245.0000 84
245.5000 76
246.0000 58
246.5000 74
247.0000 77
247.5000 73
248.0000 80
248.5000 77
249.0000 72
249.5000 75
250.0000 105
250.5000 71
251.0000 88
251.5000 77
252.0000 85
252.5000 96
253.0000 80
253.5000 97
254.0000 68
254.5000 84
255.0000 100
255.5000 98
256.0000 93
256.5000 95
257.0000 113
257.5000 107
258.0000 106
258.5000 134
259.0000 99
259.5000 104
260.0000 119
260.5000 119
261.0000 119
261.5000 129
262.0000 124
262.5000 123
263.0000 118
263.5000 104
264.0000 142
264.5000 144
265.0000 129
265.5000 166
266.0000 142
266.5000 149
267.0000 133
267.5000 167
268.0000 166
268.5000 141
269.0000 143
269.5000 144
270.0000 152
270.5000 132
271.0000 182
271.5000 143
272.0000 152
272.5000 143
273.0000 149
273.5000 162
274.0000 160
274.5000 181
275.0000 162
275.5000 175
276.0000 187
276.5000 185
277.0000 178
277.5000 176
278.0000 193
278.5000 178
279.0000 183
279.5000 181
280.0000 195
280.5000 188
281.0000 197
281.5000 202
282.0000 179
282.5000 212
283.0000 199
283.5000 207
284.0000 219
284.5000 201
285.0000 203
285.5000 212
286.0000 209
286.5000 211
287.0000 203
287.5000 215
288.0000 220
288.5000 223
289.0000 198
289.5000 214
290.0000 226
290.5000 222
291.0000 191
291.5000 235
292.0000 252
292.5000 225
293.0000 229
293.5000 242
294.0000 251
294.5000 253
295.0000 256
295.5000 217
296.0000 228
296.5000 248
297.0000 246
297.5000 261
298.0000 243
298.5000 219
299.0000 278
299.5000 281
300.0000 278
300.5000 278
301.0000 276
301.5000 267
302.0000 262
302.5000 273
303.0000 266
303.5000 277
304.0000 282
304.5000 283
305.0000 300
305.5000 306
306.0000 279
306.5000 268
307.0000 278
307.5000 278
308.0000 277
308.5000 290
309.0000 313
309.5000 285
310.0000 282
310.5000 309
311.0000 286
311.5000 307
312.0000 288
312.5000 296
313.0000 283
313.5000 321
314.0000 290
314.5000 313
315.0000 292
315.5000 325
316.0000 310
316.5000 312
317.0000 349
317.5000 301
318.0000 350
318.5000 319
319.0000 357
319.5000 316
320.0000 348
320.5000 333
321.0000 357
321.5000 321
322.0000 343
322.5000 322
323.0000 362
323.5000 347
324.0000 318
324.5000 326
325.0000 329
325.5000 349
326.0000 340
326.5000 361
327.0000 349
327.5000 387
328.0000 359
328.5000 353
329.0000 330
329.5000 346
330.0000 363
330.5000 330
331.0000 335
331.5000 319
332.0000 349
332.5000 328
333.0000 319
333.5000 398
334.0000 347
334.5000 387
335.0000 378
335.5000 370
336.0000 347
336.5000 403
337.0000 381
337.5000 368
338.0000 409
338.5000 371
339.0000 375
339.5000 403
340.0000 360
340.5000 281
341.0000 1
341.5000 0
342.0000 1
342.5000 0
343.0000 0
343.5000 0
344.0000 0
344.5000 2
345.0000 0
345.5000 0
346.0000 0
346.5000 1
347.0000 1
347.5000 1
348.0000 0
348.5000 1
349.0000 1
349.5000 0
