0.0000 1
0.5000 2
1.0000 0
1.5000 2
2.0000 1
2.5000 0
3.0000 0
3.5000 0
4.0000 1
4.5000 0
5.0000 1
5.5000 0
6.0000 0
6.5000 3
7.0000 0
7.5000 0
8.0000 0
8.5000 1
9.0000 1
9.5000 1
10.0000 3
10.5000 1
11.0000 1
11.5000 0
12.0000 0
12.5000 0
13.0000 1
13.5000 0
14.0000 1
14.5000 0
15.0000 2
15.5000 2
16.0000 0
16.5000 2
17.0000 1
17.5000 1
18.0000 1
18.5000 0
19.0000 2
19.5000 3
20.0000 1
20.5000 1
21.0000 2
21.5000 4
22.0000 2
22.5000 1
23.0000 3
23.5000 0
24.0000 2
24.5000 1
25.0000 1
25.5000 1
26.0000 0
26.5000 2
27.0000 1
27.5000 3
28.0000 2
28.5000 1
29.0000 1
29.5000 5
30.0000 0
30.5000 3
31.0000 6
31.5000 4
32.0000 3
32.5000 8
33.0000 6
33.5000 6
34.0000 2
34.5000 10
35.0000 2
35.5000 16
36.0000 5
36.5000 7
37.0000 5
37.5000 5
38.0000 9
38.5000 11
39.0000 7
39.5000 9
40.0000 15
40.5000 11
41.0000 13
41.5000 6
42.0000 13
42.5000 20
43.0000 13
43.5000 15
44.0000 16
44.5000 14
45.0000 24
45.5000 17
46.0000 19
46.5000 23
47.0000 24
47.5000 27
48.0000 23
48.5000 28
49.0000 31
49.5000 25
50.0000 46
50.5000 33
51.0000 45
51.5000 38
52.0000 43
52.5000 46
53.0000 56
53.5000 65
54.0000 46
54.5000 54
55.0000 67
55.5000 82
56.0000 67
56.5000 79
57.0000 73
57.5000 79
58.0000 72
58.5000 106
59.0000 106
59.5000 105
60.0000 100
60.5000 101
61.0000 118
61.5000 107
62.0000 134
62.5000 118
63.0000 141
63.5000 131
64.0000 143
64.5000 143
65.0000 137
65.5000 143
66.0000 163
66.5000 155
67.0000 133
67.5000 159
68.0000 167
68.5000 176
69.0000 175
69.5000 164
70.0000 154
70.5000 172
71.0000 207
71.5000 161
72.0000 161
72.5000 187
73.0000 187
73.5000 198
74.0000 186
74.5000 193
75.0000 218
75.5000 222
76.0000 185
76.5000 200
77.0000 194
77.5000 203
78.0000 230
78.5000 214
79.0000 209
79.5000 243
80.0000 227
80.5000 271
81.0000 256
81.5000 245
82.0000 244
82.5000 247
83.0000 264
83.5000 221
84.0000 239
84.5000 240
85.0000 256
85.5000 274
86.0000 268
86.5000 275
87.0000 279
87.5000 277
88.0000 298
88.5000 262
89.0000 285
89.5000 298
90.0000 302
90.5000 290
91.0000 239
91.5000 285
92.0000 304
92.5000 310
93.0000 283
93.5000 267
94.0000 294
94.5000 293
95.0000 317
95.5000 324
96.0000 353
96.5000 302
97.0000 326
97.5000 322
98.0000 337
98.5000 328
99.0000 308
99.5000 290
100.0000 333
100.5000 343
101.0000 311
101.5000 330
102.0000 328
102.5000 335
103.0000 327
103.5000 338
104.0000 324
104.5000 318
105.0000 349
105.5000 330
106.0000 327
106.5000 331
107.0000 347
107.5000 312
108.0000 330
108.5000 351
109.0000 323
109.5000 326
110.0000 317
110.5000 352
111.0000 312
111.5000 389
112.0000 319
112.5000 338
113.0000 342
113.5000 346
114.0000 373
114.5000 369
115.0000 333
115.5000 383
116.0000 360
116.5000 299
117.0000 338
117.5000 370
118.0000 331
118.5000 371
119.0000 322
119.5000 362
120.0000 340
120.5000 326
121.0000 346
121.5000 370
122.0000 368
122.5000 348
123.0000 341
123.5000 311
124.0000 341
124.5000 350
125.0000 314
125.5000 345
126.0000 344
126.5000 400
127.0000 364
127.5000 363
128.0000 334
128.5000 349
129.0000 366
129.5000 352
130.0000 375
130.5000 362
131.0000 348
131.5000 334
132.0000 353
132.5000 312
133.0000 360
133.5000 349
134.0000 338
134.5000 325
135.0000 333
135.5000 375
136.0000 365
136.5000 329
137.0000 350
137.5000 358
138.0000 333
138.5000 343
139.0000 367
139.5000 358
140.0000 345
140.5000 330
141.0000 337
141.5000 349
142.0000 349
142.5000 359
143.0000 401
143.5000 363
144.0000 318
144.5000 343
145.0000 355
145.5000 348
146.0000 353
146.5000 357
147.0000 374
147.5000 356
148.0000 347
148.5000 388
149.0000 350
149.5000 341
150.0000 369
150.5000 364
151.0000 359
151.5000 359
152.0000 369
152.5000 356
153.0000 384
153.5000 355
154.0000 355
154.5000 353
155.0000 378
155.5000 350
156.0000 322
156.5000 343
157.0000 352
157.5000 326
158.0000 353
158.5000 344
159.0000 366
159.5000 374
160.0000 352
160.5000 285
161.0000 2
161.5000 0
162.0000 0
162.5000 1
163.0000 0
163.5000 0
164.0000 0
164.5000 1
165.0000 1
165.5000 0
166.0000 0
166.5000 0
167.0000 0
167.5000 1
168.0000 0
168.5000 0
169.0000 0
169.5000 0
170.0000 1
170.5000 2
171.0000 1
171.5000 2
172.0000 0
172.5000 0
173.0000 1
173.5000 1
174.0000 1
174.5000 1
175.0000 3
175.5000 0
176.0000 4
176.5000 1
177.0000 1
177.5000 2
178.0000 1
178.5000 0
179.0000 2
179.5000 1
180.0000 2
180.5000 2
181.0000 0
181.5000 0
182.0000 1
182.5000 1
183.0000 0
183.5000 0
184.0000 1
184.5000 0
185.0000 1
185.5000 1
186.0000 0
186.5000 0
187.0000 1
187.5000 0
188.0000 0
188.5000 0
189.0000 1
189.5000 2
190.0000 0
190.5000 3
191.0000 3
191.5000 0
192.0000 1
192.5000 0
193.0000 2
193.5000 2
194.0000 2
194.5000 1
195.0000 1
195.5000 3
196.0000 1
196.5000 2
197.0000 1
197.5000 1
198.0000 1
198.5000 0
199.0000 1
199.5000 2
200.0000 5
200.5000 3
201.0000 4
201.5000 5
202.0000 4
202.5000 4
203.0000 2
203.5000 4
204.0000 2
204.5000 2
205.0000 5
205.5000 1
206.0000 3
206.5000 5
207.0000 5
207.5000 3
208.0000 9
208.5000 12
209.0000 8
209.5000 9
210.0000 10
210.5000 9
211.0000 6
211.5000 4
212.0000 6
212.5000 10
213.0000 8
213.5000 5
214.0000 10
214.5000 12
215.0000 7
215.5000 2
216.0000 7
216.5000 13
217.0000 13
217.5000 7
218.0000 16
218.5000 12
219.0000 11
219.5000 13
220.0000 15
220.5000 18
221.0000 20
221.5000 16
222.0000 17
222.5000 11
223.0000 16
223.5000 14
224.0000 17
224.5000 27
225.0000 37
225.5000 19
226.0000 23
226.5000 32
227.0000 20
227.5000 38
228.0000 31
228.5000 32
229.0000 35
229.5000 57
230.0000 42
230.5000 44
231.0000 41
231.5000 54
232.0000 50
232.5000 46
233.0000 70
233.5000 65
234.0000 61
234.5000 69
235.0000 69
235.5000 82
236.0000 66
236.5000 74
237.0000 78
237.5000 101
238.0000 94
238.5000 111
239.0000 97
239.5000 107
240.0000 91
240.5000 102
241.0000 110
241.5000 104
242.0000 108
242.5000 135
243.0000 141
243.5000 132
244.0000 127
244.5000 162
245.0000 153
245.5000 129
246.0000 146
246.5000 116
247.0000 158
247.5000 152
248.0000 151
248.5000 161
249.0000 155
249.5000 133
250.0000 165
250.5000 154
251.0000 175
251.5000 201
252.0000 192
252.5000 203
253.0000 206
253.5000 181
254.0000 206
254.5000 210
255.0000 225
255.5000 219
256.0000 214
256.5000 215
257.0000 229
257.5000 205
258.0000 225
258.5000 215
259.0000 263
259.5000 222
260.0000 232
260.5000 251
261.0000 234
261.5000 227
262.0000 232
262.5000 251
263.0000 205
263.5000 258
264.0000 273
264.5000 293
265.0000 279
265.5000 281
266.0000 284
266.5000 283
267.0000 230
267.5000 262
268.0000 243
268.5000 292
269.0000 281
269.5000 320
270.0000 267
270.5000 284
271.0000 332
271.5000 290
272.0000 320
272.5000 302
273.0000 317
273.5000 321
274.0000 320
274.5000 316
275.0000 287
275.5000 356
276.0000 300
276.5000 319
277.0000 342
277.5000 292
278.0000 317
278.5000 347
279.0000 329
279.5000 306
280.0000 311
280.5000 310
281.0000 311
281.5000 318
282.0000 349
282.5000 315
283.0000 306
283.5000 311
284.0000 329
284.5000 315
285.0000 350
285.5000 346
286.0000 329
286.5000 339
287.0000 323
287.5000 342
288.0000 344
288.5000 330
289.0000 354
289.5000 329
290.0000 329
290.5000 316
291.0000 321
291.5000 299
292.0000 333
292.5000 355
293.0000 358
293.5000 327
294.0000 361
294.5000 370
295.0000 336
295.5000 350
296.0000 332
296.5000 337
297.0000 357
297.5000 335
298.0000 353
298.5000 308
299.0000 347
299.5000 351
300.0000 353
300.5000 326
301.0000 341
301.5000 331
302.0000 371
302.5000 330
303.0000 352
303.5000 364
304.0000 323
304.5000 355
305.0000 343
305.5000 384
306.0000 351
306.5000 342
307.0000 357
307.5000 348
308.0000 367
308.5000 375
309.0000 383
309.5000 373
310.0000 348
310.5000 344
311.0000 356
311.5000 324
312.0000 317
312.5000 311
313.0000 315
313.5000 327
314.0000 329
314.5000 338
315.0000 369
315.5000 353
316.0000 317
316.5000 309
317.0000 343
317.5000 314
318.0000 318
318.5000 317
319.0000 357
319.5000 339
320.0000 365
320.5000 354
321.0000 347
321.5000 305
322.0000 327
322.5000 359
323.0000 345
323.5000 314
324.0000 361
324.5000 339
325.0000 381
325.5000 314
326.0000 352
326.5000 322
327.0000 349
327.5000 355
328.0000 378
328.5000 350
329.0000 339
329.5000 334
330.0000 355
330.5000 275
331.0000 328
331.5000 374
332.0000 366
332.5000 358
333.0000 347
333.5000 352
334.0000 331
334.5000 369
335.0000 363
335.5000 374
336.0000 356
336.5000 324
337.0000 340
337.5000 328
338.0000 355
338.5000 368
339.0000 372
339.5000 348
340.0000 323
340.5000 316
341.0000 0
341.5000 1
342.0000 1
342.5000 0
343.0000 1
343.5000 1
344.0000 2
344.5000 1
345.0000 1
345.5000 1
346.0000 4
346.5000 0
347.0000 4
347.5000 1
348.0000 2
348.5000 1
349.0000 1
349.5000 0
