0.0000 0
0.5000 0
1.0000 0
1.5000 0
2.0000 0
2.5000 2
3.0000 0
3.5000 0
4.0000 0
4.5000 0
5.0000 1
5.5000 0
6.0000 1
6.5000 1
7.0000 1
7.5000 2
8.0000 0
8.5000 1
9.0000 0
9.5000 0
10.0000 0
10.5000 0
11.0000 1
11.5000 0
12.0000 0
12.5000 0
13.0000 0
13.5000 0
14.0000 0
14.5000 0
15.0000 1
15.5000 1
16.0000 1
16.5000 1
17.0000 2
17.5000 0
18.0000 0
18.5000 1
19.0000 0
19.5000 2
20.0000 0
20.5000 2
21.0000 1
21.5000 0
22.0000 0
22.5000 1
23.0000 2
23.5000 0
24.0000 2
24.5000 1
25.0000 1
25.5000 2
26.0000 1
26.5000 0
27.0000 0
27.5000 2
28.0000 2
28.5000 3
29.0000 0
29.5000 1
30.0000 2
30.5000 1
31.0000 4
31.5000 0
32.0000 6
32.5000 2
33.0000 4
33.5000 4
34.0000 6
34.5000 3
35.0000 2
35.5000 2
36.0000 2
36.5000 5
37.0000 6
37.5000 5
38.0000 6
38.5000 5
39.0000 11
39.5000 2
40.0000 9
40.5000 8
41.0000 13
41.5000 15
42.0000 11
42.5000 14
43.0000 18
43.5000 16
44.0000 19
44.5000 15
45.0000 27
45.5000 18
46.0000 19
46.5000 27
47.0000 25
47.5000 26
48.0000 33
48.5000 34
49.0000 29
49.5000 39
50.0000 32
50.5000 30
51.0000 45
51.5000 51
52.0000 43
52.5000 44
53.0000 53
53.5000 58
54.0000 60
54.5000 61
55.0000 56
55.5000 71
56.0000 71
56.5000 76
57.0000 82
57.5000 85
58.0000 98
58.5000 84
59.0000 100
59.5000 88
60.0000 108
60.5000 110
61.0000 120
61.5000 129
62.0000 123
62.5000 137
63.0000 132
63.5000 161
64.0000 124
64.5000 153
65.0000 149
65.5000 161
66.0000 151
66.5000 179
67.0000 158
67.5000 173
68.0000 176
68.5000 192
69.0000 180
69.5000 194
70.0000 208
70.5000 223
71.0000 214
71.5000 211
72.0000 241
72.5000 240
73.0000 264
73.5000 244
74.0000 261
74.5000 233
75.0000 245
75.5000 253
76.0000 289
76.5000 325
77.0000 272
77.5000 288
78.0000 305
78.5000 330
79.0000 321
79.5000 312
80.0000 346
80.5000 338
81.0000 344
81.5000 377
82.0000 379
82.5000 364
83.0000 374
83.5000 409
84.0000 380
84.5000 380
85.0000 416
85.5000 395
86.0000 400
86.5000 386
87.0000 436
87.5000 455
88.0000 476
88.5000 460
89.0000 420
89.5000 506
90.0000 438
90.5000 477
91.0000 509
91.5000 457
92.0000 492
92.5000 505
93.0000 527
93.5000 521
94.0000 510
94.5000 540
95.0000 526
95.5000 495
96.0000 550
96.5000 523
97.0000 538
97.5000 543
98.0000 566
98.5000 568
99.0000 551
99.5000 540
100.0000 570
100.5000 549
101.0000 505
101.5000 575
102.0000 568
102.5000 570
103.0000 572
103.5000 565
104.0000 605
104.5000 623
105.0000 637
105.5000 579
106.0000 626
106.5000 615
107.0000 631
107.5000 560
108.0000 643
108.5000 623
109.0000 604
109.5000 594
110.0000 575
110.5000 614
111.0000 591
111.5000 595
112.0000 632
112.5000 643
113.0000 617
113.5000 632
114.0000 646
114.5000 612
115.0000 629
115.5000 623
116.0000 613
116.5000 671
117.0000 616
117.5000 642
118.0000 650
118.5000 648
119.0000 642
119.5000 635
120.0000 590
120.5000 602
121.0000 605
121.5000 611
122.0000 611
122.5000 623
123.0000 661
123.5000 650
124.0000 680
124.5000 592
125.0000 672
125.5000 658
126.0000 635
126.5000 696
127.0000 642
127.5000 624
128.0000 610
128.5000 610
129.0000 664
129.5000 660
130.0000 644
130.5000 617
131.0000 649
131.5000 665
132.0000 603
132.5000 622
133.0000 637
133.5000 653
134.0000 680
134.5000 633
135.0000 635
135.5000 621
136.0000 655
136.5000 669
137.0000 630
137.5000 670
138.0000 657
138.5000 666
139.0000 687
139.5000 676
140.0000 675
140.5000 713
141.0000 683
141.5000 696
142.0000 686
142.5000 678
143.0000 644
143.5000 698
144.0000 671
144.5000 640
145.0000 666
145.5000 659
146.0000 659
146.5000 647
147.0000 639
147.5000 653
148.0000 641
148.5000 681
149.0000 685
149.5000 693
150.0000 701
150.5000 678
151.0000 681
151.5000 668
152.0000 659
152.5000 663
153.0000 670
153.5000 674
154.0000 661
154.5000 731
155.0000 705
155.5000 696
156.0000 751
156.5000 709
157.0000 683
157.5000 690
158.0000 710
158.5000 666
159.0000 698
159.5000 673
160.0000 695
160.5000 509
161.0000 1
161.5000 0
162.0000 0
162.5000 0
163.0000 0
163.5000 0
164.0000 0
164.5000 0
165.0000 0
165.5000 0
166.0000 0
166.5000 0
167.0000 0
167.5000 1
168.0000 1
168.5000 0
169.0000 0
169.5000 1
170.0000 0
170.5000 0
171.0000 0
171.5000 0
172.0000 0
172.5000 0
173.0000 1
173.5000 1
174.0000 1
174.5000 0
175.0000 0
175.5000 0
176.0000 0
176.5000 0
177.0000 1
177.5000 1
178.0000 0
178.5000 0
179.0000 1
179.5000 0
180.0000 0
180.5000 0
181.0000 0
181.5000 0
182.0000 1
182.5000 0
183.0000 0
183.5000 2
184.0000 0
184.5000 1
185.0000 0
185.5000 0
186.0000 0
186.5000 0
187.0000 0
187.5000 0
188.0000 0
188.5000 0
189.0000 0
189.5000 0
190.0000 0
190.5000 0
191.0000 0
191.5000 0
192.0000 1
192.5000 1
193.0000 1
193.5000 0
194.0000 0
194.5000 0
195.0000 0
195.5000 0
196.0000 0
196.5000 1
197.0000 0
197.5000 0
198.0000 2
198.5000 1
199.0000 1
199.5000 2
200.0000 3
200.5000 1
201.0000 0
201.5000 1
202.0000 1
202.5000 1
203.0000 0
203.5000 1
204.0000 0
204.5000 1
205.0000 1
205.5000 1
206.0000 2
206.5000 1
207.0000 1
207.5000 2
208.0000 2
208.5000 2
209.0000 2
209.5000 2
210.0000 2
210.5000 0
211.0000 1
211.5000 3
212.0000 3
212.5000 3
213.0000 1
213.5000 3
214.0000 2
214.5000 1
215.0000 8
215.5000 2
216.0000 7
216.5000 3
217.0000 11
217.5000 8
218.0000 5
218.5000 13
219.0000 7
219.5000 3
220.0000 10
220.5000 11
221.0000 11
221.5000 6
222.0000 15
222.5000 8
223.0000 7
223.5000 13
224.0000 10
224.5000 22
225.0000 20
225.5000 19
226.0000 16
226.5000 20
227.0000 22
227.5000 29
228.0000 30
228.5000 33
229.0000 37
229.5000 26
230.0000 49
230.5000 34
231.0000 34
231.5000 44
232.0000 52
232.5000 51
233.0000 61
233.5000 60
234.0000 67
234.5000 62
235.0000 75
235.5000 67
236.0000 75
236.5000 72
237.0000 77
237.5000 72
238.0000 93
238.5000 95
239.0000 95
239.5000 135
240.0000 115
240.5000 104
241.0000 101
241.5000 117
242.0000 112
242.5000 141
243.0000 150
243.5000 122
244.0000 137
244.5000 160
245.0000 124
245.5000 163
246.0000 161
246.5000 152
247.0000 181
247.5000 165
248.0000 195
248.5000 183
249.0000 193
249.5000 165
250.0000 188
250.5000 206
251.0000 197
251.5000 213
252.0000 219
252.5000 220
253.0000 219
253.5000 249
254.0000 235
254.5000 274
255.0000 263
255.5000 277
256.0000 306
256.5000 287
257.0000 298
257.5000 317
258.0000 282
258.5000 295
259.0000 294
259.5000 294
260.0000 302
260.5000 334
261.0000 321
261.5000 301
262.0000 341
262.5000 329
263.0000 386
263.5000 347
264.0000 372
264.5000 389
265.0000 387
265.5000 380
266.0000 430
266.5000 428
267.0000 418
267.5000 419
268.0000 425
268.5000 425
269.0000 429
269.5000 414
270.0000 468
270.5000 445
271.0000 449
271.5000 479
272.0000 514
272.5000 483
273.0000 482
273.5000 466
274.0000 534
274.5000 475
275.0000 495
275.5000 510
276.0000 536
276.5000 535
277.0000 520
277.5000 530
278.0000 510
278.5000 539
279.0000 544
279.5000 536
280.0000 571
280.5000 534
281.0000 573
281.5000 583
282.0000 552
282.5000 550
283.0000 582
283.5000 630
284.0000 572
284.5000 583
285.0000 575
285.5000 578
286.0000 614
286.5000 563
287.0000 568
287.5000 546
288.0000 616
288.5000 606
289.0000 603
289.5000 601
290.0000 598
290.5000 604
291.0000 598
291.5000 613
292.0000 593
292.5000 584
293.0000 578
293.5000 608
294.0000 650
294.5000 578
295.0000 557
295.5000 611
296.0000 552
296.5000 585
297.0000 566
297.5000 571
298.0000 576
298.5000 613
299.0000 573
299.5000 563
300.0000 592
300.5000 606
301.0000 626
301.5000 601
302.0000 632
302.5000 593
303.0000 594
303.5000 645
304.0000 586
304.5000 655
305.0000 630
305.5000 608
306.0000 639
306.5000 559
307.0000 611
307.5000 572
308.0000 619
308.5000 613
309.0000 621
309.5000 573
310.0000 610
310.5000 636
311.0000 579
311.5000 639
312.0000 578
312.5000 566
313.0000 627
313.5000 597
314.0000 624
314.5000 611
315.0000 637
315.5000 651
316.0000 586
316.5000 624
317.0000 629
317.5000 567
318.0000 611
318.5000 604
319.0000 624
319.5000 654
320.0000 617
320.5000 628
321.0000 607
321.5000 641
322.0000 673
322.5000 626
323.0000 580
323.5000 667
324.0000 621
324.5000 633
325.0000 594
325.5000 606
326.0000 610
326.5000 639
327.0000 630
327.5000 615
328.0000 664
328.5000 603
329.0000 640
329.5000 641
330.0000 597
330.5000 611
331.0000 645
331.5000 656
332.0000 621
332.5000 648
333.0000 607
333.5000 642
334.0000 642
334.5000 630
335.0000 667
335.5000 632
336.0000 633
336.5000 652
337.0000 659
337.5000 678
338.0000 654
338.5000 677
339.0000 630
339.5000 612
340.0000 668
340.5000 487
341.0000 0
341.5000 0
342.0000 0
342.5000 1
343.0000 0
343.5000 1
344.0000 0
344.5000 0
345.0000 1
345.5000 1
346.0000 1
346.5000 1
347.0000 0
347.5000 1
348.0000 2
348.5000 1
349.0000 2
349.5000 4
