0.0000 3
0.5000 0
1.0000 1
1.5000 0
2.0000 4
2.5000 2
3.0000 0
3.5000 9
4.0000 3
4.5000 0
5.0000 4
5.5000 2
6.0000 2
6.5000 3
7.0000 1
7.5000 2
8.0000 6
8.5000 5
9.0000 3
9.5000 4
10.0000 0
10.5000 5
11.0000 6
11.5000 7
12.0000 0
12.5000 5
13.0000 2
13.5000 6
14.0000 4
14.5000 6
15.0000 7
15.5000 1
16.0000 7
16.5000 8
17.0000 5
17.5000 7
18.0000 6
18.5000 3
19.0000 8
19.5000 7
20.0000 5
20.5000 10
21.0000 6
21.5000 8
22.0000 10
22.5000 8
23.0000 8
23.5000 3
24.0000 8
24.5000 7
25.0000 8
25.5000 6
26.0000 11
26.5000 8
27.0000 10
27.5000 16
28.0000 8
28.5000 9
29.0000 13
29.5000 16
30.0000 14
30.5000 10
31.0000 13
31.5000 15
32.0000 18
32.5000 12
33.0000 20
33.5000 11
34.0000 17
34.5000 25
35.0000 21
35.5000 22
36.0000 11
36.5000 19
37.0000 23
37.5000 22
38.0000 24
38.5000 26
39.0000 27
39.5000 30
40.0000 38
40.5000 45
41.0000 45
41.5000 43
42.0000 43
42.5000 49
43.0000 48
43.5000 66
44.0000 50
44.5000 72
45.0000 81
45.5000 75
46.0000 75
46.5000 93
47.0000 92
47.5000 125
48.0000 108
48.5000 124
49.0000 129
49.5000 129
50.0000 160
50.5000 168
51.0000 180
51.5000 182
52.0000 221
52.5000 203
53.0000 277
53.5000 253
54.0000 286
54.5000 305
55.0000 375
55.5000 367
56.0000 436
56.5000 475
57.0000 473
57.5000 534
58.0000 544
58.5000 620
59.0000 649
59.5000 679
60.0000 782
60.5000 778
61.0000 870
61.5000 960
62.0000 1006
62.5000 1094
63.0000 1104
63.5000 1257
64.0000 1371
64.5000 1457
65.0000 1505
65.5000 1675
66.0000 1734
66.5000 1770
67.0000 1958
67.5000 2125
68.0000 2182
68.5000 2263
69.0000 2419
69.5000 2590
70.0000 2748
70.5000 2846
71.0000 2903
71.5000 3121
72.0000 3379
72.5000 3408
73.0000 3497
73.5000 3682
74.0000 3873
74.5000 3987
75.0000 4132
75.5000 4346
76.0000 4431
76.5000 4506
77.0000 4516
77.5000 4730
78.0000 4928
78.5000 4988
79.0000 5166
79.5000 5246
80.0000 5323
80.5000 5528
81.0000 5572
81.5000 5547
82.0000 5706
82.5000 5912
83.0000 6000
83.5000 5953
84.0000 6173
84.5000 6072
85.0000 6119
85.5000 6196
86.0000 6356
86.5000 6437
87.0000 6347
87.5000 6396
88.0000 6570
88.5000 6609
89.0000 6526
89.5000 6567
90.0000 6664
90.5000 6616
91.0000 6814
91.5000 6785
92.0000 6688
92.5000 6737
93.0000 6552
93.5000 6637
94.0000 6691
94.5000 6660
95.0000 6650
95.5000 6559
96.0000 6690
96.5000 6511
97.0000 6728
97.5000 6455
98.0000 6639
98.5000 6632
99.0000 6507
99.5000 6495
100.0000 6522
100.5000 6472
101.0000 6404
101.5000 6484
102.0000 6533
102.5000 6312
103.0000 6411
103.5000 6242
104.0000 6223
104.5000 6315
105.0000 6257
105.5000 6236
106.0000 6287
106.5000 6186
107.0000 6330
107.5000 6242
108.0000 6242
108.5000 6132
109.0000 6058
109.5000 6189
110.0000 6159
110.5000 6290
111.0000 6134
111.5000 6067
112.0000 6037
112.5000 5997
113.0000 5859
113.5000 6063
114.0000 6008
114.5000 6096
115.0000 5888
115.5000 5868
116.0000 5855
116.5000 5883
117.0000 5781
117.5000 5968
118.0000 5970
118.5000 5816
119.0000 5715
119.5000 5918
120.0000 5687
120.5000 5906
121.0000 5766
121.5000 5894
122.0000 5825
122.5000 5808
123.0000 5770
123.5000 5819
124.0000 5828
124.5000 5799
125.0000 5840
125.5000 5810
126.0000 5790
126.5000 5632
127.0000 5661
127.5000 5689
128.0000 5784
128.5000 5646
129.0000 5692
129.5000 5658
130.0000 5769
130.5000 5712
131.0000 5668
131.5000 5720
132.0000 5839
132.5000 5793
133.0000 5722
133.5000 5635
134.0000 5789
134.5000 5760
135.0000 5732
135.5000 5876
136.0000 5751
136.5000 5805
137.0000 5777
137.5000 5757
138.0000 5763
138.5000 5766
139.0000 5687
139.5000 5783
140.0000 5749
140.5000 5769
141.0000 5770
141.5000 5673
142.0000 5760
142.5000 5758
143.0000 5828
143.5000 5757
144.0000 5709
144.5000 5776
145.0000 5751
145.5000 5699
146.0000 5724
146.5000 5645
147.0000 5636
147.5000 5684
148.0000 5771
148.5000 5631
149.0000 5764
149.5000 5548
150.0000 5661
150.5000 5932
151.0000 5773
151.5000 5728
152.0000 5733
152.5000 5770
153.0000 5757
153.5000 5780
154.0000 5817
154.5000 5699
155.0000 5731
155.5000 5786
156.0000 5750
156.5000 5670
157.0000 5795
157.5000 5743
158.0000 5713
158.5000 5779
159.0000 5924
159.5000 5685
160.0000 5714
160.5000 4567
161.0000 1
161.5000 2
162.0000 1
162.5000 1
163.0000 1
163.5000 0
164.0000 1
164.5000 5
165.0000 1
165.5000 0
166.0000 2
166.5000 1
167.0000 1
167.5000 2
168.0000 1
168.5000 3
169.0000 3
169.5000 1
170.0000 2
170.5000 0
171.0000 1
171.5000 2
172.0000 4
172.5000 2
173.0000 2
173.5000 1
174.0000 5
174.5000 2
175.0000 3
175.5000 3
176.0000 2
176.5000 2
177.0000 0
177.5000 5
178.0000 3
178.5000 0
179.0000 0
179.5000 0
180.0000 3
180.5000 4
181.0000 4
181.5000 6
182.0000 3
182.5000 3
183.0000 3
183.5000 5
184.0000 7
184.5000 7
185.0000 3
185.5000 5
186.0000 4
186.5000 6
187.0000 3
187.5000 2
188.0000 1
188.5000 5
189.0000 1
189.5000 5
190.0000 9
190.5000 4
191.0000 7
191.5000 8
192.0000 6
192.5000 7
193.0000 7
193.5000 6
194.0000 4
194.5000 3
195.0000 10
195.5000 9
196.0000 9
196.5000 13
197.0000 7
197.5000 11
198.0000 9
198.5000 11
199.0000 7
199.5000 10
200.0000 6
200.5000 15
201.0000 8
201.5000 12
202.0000 9
202.5000 18
203.0000 10
203.5000 11
204.0000 16
204.5000 17
205.0000 22
205.5000 10
206.0000 16
206.5000 8
207.0000 22
207.5000 23
208.0000 28
208.5000 25
209.0000 25
209.5000 30
210.0000 27
210.5000 25
211.0000 25
211.5000 39
212.0000 36
212.5000 43
213.0000 52
213.5000 44
214.0000 50
214.5000 55
215.0000 62
215.5000 48
216.0000 61
216.5000 85
217.0000 66
217.5000 75
218.0000 110
218.5000 110
219.0000 98
219.5000 110
220.0000 138
220.5000 129
221.0000 136
221.5000 162
222.0000 162
222.5000 181
223.0000 190
223.5000 223
224.0000 204
224.5000 264
225.0000 256
225.5000 272
226.0000 333
226.5000 348
227.0000 401
227.5000 409
228.0000 458
228.5000 532
229.0000 557
229.5000 601
230.0000 665
230.5000 664
231.0000 744
231.5000 778
232.0000 853
232.5000 936
233.0000 968
233.5000 1114
234.0000 1168
234.5000 1236
235.0000 1322
235.5000 1416
236.0000 1506
236.5000 1620
237.0000 1740
237.5000 1858
238.0000 1946
238.5000 2053
239.0000 2196
239.5000 2334
240.0000 2480
240.5000 2578
241.0000 2670
241.5000 2894
242.0000 2978
242.5000 3143
243.0000 3294
243.5000 3441
244.0000 3519
244.5000 3711
245.0000 3874
245.5000 4006
246.0000 4001
246.5000 4301
247.0000 4463
247.5000 4470
248.0000 4613
248.5000 4712
249.0000 4913
249.5000 4947
250.0000 5084
250.5000 5158
251.0000 5390
251.5000 5414
252.0000 5433
252.5000 5462
253.0000 5573
253.5000 5785
254.0000 5800
254.5000 5764
255.0000 5962
255.5000 5914
256.0000 6026
256.5000 6020
257.0000 6093
257.5000 6212
258.0000 6327
258.5000 6374
259.0000 6298
259.5000 6498
260.0000 6530
260.5000 6398
261.0000 6477
261.5000 6478
262.0000 6545
262.5000 6469
263.0000 6423
263.5000 6525
264.0000 6679
264.5000 6538
265.0000 6596
265.5000 6436
266.0000 6263
266.5000 6308
267.0000 6515
267.5000 6457
268.0000 6508
268.5000 6488
269.0000 6442
269.5000 6388
270.0000 6481
270.5000 6328
271.0000 6477
271.5000 6313
272.0000 6237
272.5000 6368
273.0000 6259
273.5000 6250
274.0000 6231
274.5000 6245
275.0000 6249
275.5000 6229
276.0000 6141
276.5000 6277
277.0000 6214
277.5000 6226
278.0000 6177
278.5000 6032
279.0000 6077
279.5000 5945
280.0000 5933
280.5000 6171
281.0000 6120
281.5000 5991
282.0000 6072
282.5000 6011
283.0000 5962
283.5000 6032
284.0000 6152
284.5000 6007
285.0000 5918
285.5000 5904
286.0000 5919
286.5000 5983
287.0000 5871
287.5000 5880
288.0000 5863
288.5000 5756
289.0000 5884
289.5000 5877
290.0000 5743
290.5000 5795
291.0000 5696
291.5000 5823
292.0000 5745
292.5000 5730
293.0000 5704
293.5000 5662
294.0000 5757
294.5000 5645
295.0000 5688
295.5000 5641
296.0000 5747
296.5000 5674
297.0000 5502
297.5000 5623
298.0000 5549
298.5000 5552
299.0000 5721
299.5000 5523
300.0000 5643
300.5000 5547
301.0000 5502
301.5000 5600
302.0000 5647
302.5000 5691
303.0000 5683
303.5000 5775
304.0000 5682
304.5000 5557
305.0000 5677
305.5000 5814
306.0000 5695
306.5000 5676
307.0000 5757
307.5000 5671
308.0000 5709
308.5000 5712
309.0000 5768
309.5000 5777
310.0000 5790
310.5000 5600
311.0000 5665
311.5000 5815
312.0000 5755
312.5000 5728
313.0000 5814
313.5000 5674
314.0000 5606
314.5000 5718
315.0000 5699
315.5000 5694
316.0000 5720
316.5000 5721
317.0000 5735
317.5000 5728
318.0000 5719
318.5000 5786
319.0000 5844
319.5000 5721
320.0000 5770
320.5000 5589
321.0000 5942
321.5000 5663
322.0000 5792
322.5000 5763
323.0000 5808
323.5000 5783
324.0000 5702
324.5000 5745
325.0000 5852
325.5000 5787
326.0000 5781
326.5000 5809
327.0000 5822
327.5000 5753
328.0000 5820
328.5000 5853
329.0000 5667
329.5000 5812
330.0000 5818
330.5000 4825