0.0000 2
2.0000 0
4.0000 4
6.0000 1
8.0000 3
10.0000 1
12.0000 3
14.0000 1
16.0000 1
18.0000 1
20.0000 3
22.0000 5
24.0000 0
26.0000 1
28.0000 5
30.0000 3
32.0000 3
34.0000 4
36.0000 2
38.0000 3
40.0000 1
42.0000 3
44.0000 4
46.0000 0
48.0000 3
50.0000 1
52.0000 8
54.0000 2
56.0000 3
58.0000 5
60.0000 3
62.0000 6
64.0000 4
66.0000 3
68.0000 4
70.0000 13
72.0000 6
74.0000 7
76.0000 6
78.0000 7
80.0000 2
82.0000 9
84.0000 9
86.0000 10
88.0000 9
90.0000 9
92.0000 7
94.0000 14
96.0000 10
98.0000 8
100.0000 15
102.0000 11
104.0000 15
106.0000 15
108.0000 12
110.0000 19
112.0000 21
114.0000 20
116.0000 25
118.0000 20
120.0000 20
122.0000 20
124.0000 28
126.0000 25
128.0000 23
130.0000 32
132.0000 35
134.0000 38
136.0000 33
138.0000 36
140.0000 47
142.0000 33
144.0000 61
146.0000 57
148.0000 73
150.0000 73
152.0000 62
154.0000 78
156.0000 104
158.0000 107
160.0000 91
162.0000 99
164.0000 128
166.0000 127
168.0000 128
170.0000 129
172.0000 160
174.0000 178
176.0000 179
178.0000 234
180.0000 220
182.0000 253
184.0000 286
186.0000 298
188.0000 295
190.0000 297
192.0000 318
194.0000 375
196.0000 395
198.0000 428
200.0000 474
202.0000 467
204.0000 521
206.0000 532
208.0000 610
210.0000 681
212.0000 652
214.0000 732
216.0000 835
218.0000 813
220.0000 895
222.0000 936
224.0000 949
226.0000 996
228.0000 1005
230.0000 1122
232.0000 1266
234.0000 1304
236.0000 1322
238.0000 1345
240.0000 1376
242.0000 1474
244.0000 1507
246.0000 1549
248.0000 1677
250.0000 1697
252.0000 1841
254.0000 1851
256.0000 1845
258.0000 1922
260.0000 2084
262.0000 2023
264.0000 2044
266.0000 2090
268.0000 2170
270.0000 2242
272.0000 2275
274.0000 2395
276.0000 2370
278.0000 2386
280.0000 2380
282.0000 2361
284.0000 2452
286.0000 2479
288.0000 2523
290.0000 2569
292.0000 2587
294.0000 2618
296.0000 2605
298.0000 2645
300.0000 2657
302.0000 2628
304.0000 2665
306.0000 2730
308.0000 2811
310.0000 2788
312.0000 2724
314.0000 2772
316.0000 2779
318.0000 2738
320.0000 2773
322.0000 2787
324.0000 2750
326.0000 2846
328.0000 2797
330.0000 2767
332.0000 2814
334.0000 2816
336.0000 2916
338.0000 2899
340.0000 2875
342.0000 2887
344.0000 2925
346.0000 2919
348.0000 2920
350.0000 2914
352.0000 2872
354.0000 2933
356.0000 2926
358.0000 2816
360.0000 2730
362.0000 2831
364.0000 2816
366.0000 2884
368.0000 2868
370.0000 2832
372.0000 2949
374.0000 2935
376.0000 2913
378.0000 2864
380.0000 2905
382.0000 2813
384.0000 2977
386.0000 2782
388.0000 2975
390.0000 2780
392.0000 2848
394.0000 2885
396.0000 2845
398.0000 2868
400.0000 2772
402.0000 2813
404.0000 2896
406.0000 2837
408.0000 2720
410.0000 2819
412.0000 2850
414.0000 2811
416.0000 2838
418.0000 2727
420.0000 2739
422.0000 2958
424.0000 2851
426.0000 2774
428.0000 2795
430.0000 2747
432.0000 2791
434.0000 2879
436.0000 2739
438.0000 2807
440.0000 2716
442.0000 2749
444.0000 2770
446.0000 2779
448.0000 2776
450.0000 2709
452.0000 2731
454.0000 2686
456.0000 2775
458.0000 2778
460.0000 2763
462.0000 2730
464.0000 2769
466.0000 2780
468.0000 2790
470.0000 2772
472.0000 2673
474.0000 2784
476.0000 2758
478.0000 2854
480.0000 2822
482.0000 2865
484.0000 2922
486.0000 2769
488.0000 2758
490.0000 2923
492.0000 2780
494.0000 2668
496.0000 2756
498.0000 2767
500.0000 2779
502.0000 2828
504.0000 2874
506.0000 2916
508.0000 2812
510.0000 2774
512.0000 2786
514.0000 2853
516.0000 2824
518.0000 2803
520.0000 2767
522.0000 2703
524.0000 2873
526.0000 2764
528.0000 2844
530.0000 2824
532.0000 2858
534.0000 2876
536.0000 2909
538.0000 2875
540.0000 2812
542.0000 2852
544.0000 2787
546.0000 2759
548.0000 2789
550.0000 2946
552.0000 2856
554.0000 2827
556.0000 2874
558.0000 2834
560.0000 2977
562.0000 2847
564.0000 2807
566.0000 2914
568.0000 2859
570.0000 2806
572.0000 2864
574.0000 2840
576.0000 2932
578.0000 2817
580.0000 2831
582.0000 2841
584.0000 2896
586.0000 2861
588.0000 2851
590.0000 2888
592.0000 2908
594.0000 2882
596.0000 2974
598.0000 2897
600.0000 2866
602.0000 2909
604.0000 2883
606.0000 2844
608.0000 3027
610.0000 2953
612.0000 2940
614.0000 3021
616.0000 3020
618.0000 2967
620.0000 3051
622.0000 2923
624.0000 2968
626.0000 2979
628.0000 2941
630.0000 2961
632.0000 2946
634.0000 2977
636.0000 3022
638.0000 2964
640.0000 3013
642.0000 3011
644.0000 3113
646.0000 2992
648.0000 3053
650.0000 3039
652.0000 3105
654.0000 3137
656.0000 3062
658.0000 3035
660.0000 3055
662.0000 3103
664.0000 3097
666.0000 3237
668.0000 3064
670.0000 3096
672.0000 3090
674.0000 3061
676.0000 3035
678.0000 2966
680.0000 3194
682.0000 3140
684.0000 3159
686.0000 3128
688.0000 3175
690.0000 3080
692.0000 3071
694.0000 3108
696.0000 3099
698.0000 3210
700.0000 3123
702.0000 3180
704.0000 3087
706.0000 3190
708.0000 3128
710.0000 3217
712.0000 3157
714.0000 3021
716.0000 3180
718.0000 3094
720.0000 3094
722.0000 3124
724.0000 3010
726.0000 3075
728.0000 3162
730.0000 2978
732.0000 3074
734.0000 3192
736.0000 3079
738.0000 3121
740.0000 3281
742.0000 3136
744.0000 3192
746.0000 3153
748.0000 3256
750.0000 3137
752.0000 3105
754.0000 3180
756.0000 3213
758.0000 3058
760.0000 3139
762.0000 3144
764.0000 3112
766.0000 3254
768.0000 3171
770.0000 3226
772.0000 3210
774.0000 3141
776.0000 3187
778.0000 3145
780.0000 3232
782.0000 3180
784.0000 3126
786.0000 3076
788.0000 3215
790.0000 3183
792.0000 3215
794.0000 3271
796.0000 3162
798.0000 3195
800.0000 3280
802.0000 1078
804.0000 4
806.0000 6
808.0000 2
810.0000 1
812.0000 6
814.0000 3
816.0000 3
818.0000 1
820.0000 1
822.0000 3
824.0000 3
826.0000 3
828.0000 4
830.0000 1
832.0000 3
834.0000 2
836.0000 1
838.0000 2
840.0000 2
842.0000 0
844.0000 1
846.0000 3
848.0000 2
850.0000 3
852.0000 2
854.0000 2
856.0000 0
858.0000 3
860.0000 6
862.0000 4
864.0000 3
866.0000 3
868.0000 12
870.0000 2
872.0000 2
874.0000 0
876.0000 2
878.0000 2
880.0000 1
882.0000 1
884.0000 1
886.0000 2
888.0000 3
890.0000 5
892.0000 5
894.0000 2
896.0000 3
898.0000 5
900.0000 4
902.0000 2
904.0000 5
906.0000 6
908.0000 3
910.0000 2
912.0000 6
914.0000 1
916.0000 3
918.0000 4
920.0000 9
922.0000 3
924.0000 10
926.0000 6
928.0000 1
930.0000 5
932.0000 3
934.0000 6
936.0000 6
938.0000 4
940.0000 4
942.0000 7
944.0000 7
946.0000 5
948.0000 12
950.0000 13
952.0000 14
954.0000 10
956.0000 17
958.0000 11
960.0000 17
962.0000 11
964.0000 17
966.0000 22
968.0000 16
970.0000 25
972.0000 20
974.0000 27
976.0000 22
978.0000 27
980.0000 32
982.0000 31
984.0000 22
986.0000 42
988.0000 27
990.0000 42
992.0000 50
994.0000 40
996.0000 54
998.0000 46
1000.0000 63
1002.0000 53
1004.0000 57
1006.0000 66
1008.0000 67
1010.0000 88
1012.0000 81
1014.0000 101
1016.0000 114
1018.0000 115
1020.0000 133
1022.0000 123
1024.0000 148
1026.0000 177
1028.0000 182
1030.0000 148
1032.0000 182
1034.0000 211
1036.0000 193
1038.0000 244
1040.0000 217
1042.0000 295
1044.0000 326
1046.0000 318
1048.0000 337
1050.0000 401
1052.0000 436
1054.0000 411
1056.0000 498
1058.0000 489
1060.0000 567
1062.0000 593
1064.0000 595
1066.0000 670
1068.0000 634
1070.0000 739
1072.0000 767
1074.0000 828
1076.0000 901
1078.0000 943
1080.0000 968
1082.0000 1032
1084.0000 1072
1086.0000 1157
1088.0000 1174
1090.0000 1212
1092.0000 1273
1094.0000 1328
1096.0000 1358
1098.0000 1413
1100.0000 1490
1102.0000 1540
1104.0000 1592
1106.0000 1573
1108.0000 1721
1110.0000 1821
1112.0000 1772
1114.0000 1840
1116.0000 1933
1118.0000 1973
1120.0000 2030
1122.0000 2095
1124.0000 2134
1126.0000 2186
1128.0000 2193
1130.0000 2305
1132.0000 2319
1134.0000 2384
1136.0000 2376
1138.0000 2347
1140.0000 2442
1142.0000 2420
1144.0000 2455
1146.0000 2525
1148.0000 2488
1150.0000 2618
1152.0000 2565
1154.0000 2621
1156.0000 2665
1158.0000 2725
1160.0000 2750
1162.0000 2716
1164.0000 2697
1166.0000 2844
1168.0000 2820
1170.0000 2861
1172.0000 2842
1174.0000 2853
1176.0000 2939
1178.0000 2893
1180.0000 2994
1182.0000 2959
1184.0000 2882
1186.0000 3010
1188.0000 2892
1190.0000 2960
1192.0000 2819
1194.0000 2844
1196.0000 2961
1198.0000 3075
1200.0000 2885
1202.0000 3071
1204.0000 2947
1206.0000 2905
1208.0000 2965
1210.0000 2930
1212.0000 2887
1214.0000 2949
1216.0000 2923
1218.0000 2884
1220.0000 2945
1222.0000 2968
1224.0000 2971
1226.0000 2902
1228.0000 2941
1230.0000 2939
1232.0000 2789
1234.0000 2841
1236.0000 2849
1238.0000 2853
1240.0000 2936
1242.0000 2885
1244.0000 2789
1246.0000 2836
1248.0000 2759
1250.0000 2782
1252.0000 2791
1254.0000 2834
1256.0000 2813
1258.0000 2817
1260.0000 2781
1262.0000 2884
1264.0000 2928
1266.0000 2835
1268.0000 2820
1270.0000 2751
1272.0000 2889
1274.0000 2791
1276.0000 2870
1278.0000 2798
1280.0000 2810
1282.0000 2754
1284.0000 2788
1286.0000 2713
1288.0000 2801
1290.0000 2834
1292.0000 2812
1294.0000 2812
1296.0000 2751
1298.0000 2691
1300.0000 2816
1302.0000 2828
1304.0000 2778
1306.0000 2864
1308.0000 2821
1310.0000 2847
1312.0000 2781
1314.0000 2827
1316.0000 2852
1318.0000 2823
1320.0000 2794
1322.0000 2806
1324.0000 2761
1326.0000 2813
1328.0000 2832
1330.0000 2844
1332.0000 2769
1334.0000 2839
1336.0000 2870
1338.0000 2890
1340.0000 2784
1342.0000 2829
1344.0000 2739
1346.0000 2858
1348.0000 2823
1350.0000 2894
1352.0000 2826
1354.0000 2806
1356.0000 2837
1358.0000 2810
1360.0000 2913
1362.0000 2800
1364.0000 2827
1366.0000 2699
1368.0000 2811
1370.0000 2752
1372.0000 2810
1374.0000 2855
1376.0000 2846
1378.0000 2816
1380.0000 2907
1382.0000 2889
1384.0000 2746
1386.0000 2950
1388.0000 2795
1390.0000 2899
1392.0000 2948
1394.0000 2946
1396.0000 2821
1398.0000 2866
1400.0000 2813
1402.0000 2847
1404.0000 2972
1406.0000 2938
1408.0000 2929
1410.0000 2928
1412.0000 2895
1414.0000 2958
1416.0000 2840
1418.0000 2915
1420.0000 3015
1422.0000 3009
1424.0000 2974
1426.0000 2950
1428.0000 2982
1430.0000 2987
1432.0000 3057
1434.0000 2895
1436.0000 2924
1438.0000 2927
1440.0000 2885
1442.0000 2991
1444.0000 2930
1446.0000 2974
1448.0000 2956
1450.0000 2993
1452.0000 3061
1454.0000 3081
1456.0000 3032
1458.0000 3045
1460.0000 3094
1462.0000 3101
1464.0000 2977
1466.0000 3068
1468.0000 3057
1470.0000 2947
1472.0000 2985
1474.0000 2983
1476.0000 3061
1478.0000 3060
1480.0000 2991
1482.0000 3130
1484.0000 3091
1486.0000 3111
1488.0000 3051
1490.0000 3053
1492.0000 3122
1494.0000 3088
1496.0000 3193
1498.0000 3086
1500.0000 3108
1502.0000 3096
1504.0000 3029
1506.0000 3136
1508.0000 3114
1510.0000 3194
1512.0000 3116
1514.0000 3096
1516.0000 3099
1518.0000 3170
1520.0000 3145
1522.0000 3182
1524.0000 3118
1526.0000 3159
1528.0000 3103
1530.0000 3088
1532.0000 3199
1534.0000 3123
1536.0000 3115
1538.0000 3192
1540.0000 3113
1542.0000 3078
1544.0000 3123
1546.0000 3170
1548.0000 3130
1550.0000 3187
1552.0000 3078
1554.0000 3242
1556.0000 3168
1558.0000 3115
1560.0000 3110
1562.0000 3213
1564.0000 3197
1566.0000 3218
1568.0000 3102
1570.0000 3216
1572.0000 3162
1574.0000 3118
1576.0000 3220
1578.0000 3166
1580.0000 3122
1582.0000 3187
1584.0000 3206
1586.0000 3175
1588.0000 3172
1590.0000 3199
1592.0000 3266
1594.0000 3324
1596.0000 3285
1598.0000 3295
1600.0000 3234
1602.0000 3246
1604.0000 3157
1606.0000 3309
1608.0000 3280
1610.0000 3329
1612.0000 3261
1614.0000 3281
1616.0000 3356
1618.0000 3293
1620.0000 3219
1622.0000 3258
1624.0000 3220
1626.0000 3233
1628.0000 3334
1630.0000 3259
1632.0000 3198
1634.0000 3242
1636.0000 3266
1638.0000 3242
1640.0000 3237
1642.0000 3400
1644.0000 3270
1646.0000 3281
1648.0000 3277
1650.0000 3268
1652.0000 1713
1654.0000 2
1656.0000 2
1658.0000 5
1660.0000 4
1662.0000 2
1664.0000 6
1666.0000 3
1668.0000 4
1670.0000 1
1672.0000 3
1674.0000 4
1676.0000 6
1678.0000 5
1680.0000 12
1682.0000 5
1684.0000 8
1686.0000 4
1688.0000 7
1690.0000 3
1692.0000 2
1694.0000 4
1696.0000 3
1698.0000 9
1700.0000 2
1702.0000 3
1704.0000 3
1706.0000 6
1708.0000 5
1710.0000 4
1712.0000 7
1714.0000 8
1716.0000 8
1718.0000 4
1720.0000 5
1722.0000 2
1724.0000 9
1726.0000 10
1728.0000 7
1730.0000 12
1732.0000 8
1734.0000 9
1736.0000 7
1738.0000 4
1740.0000 3
1742.0000 4
1744.0000 0
1746.0000 3
1748.0000 4
1750.0000 4
1752.0000 7
1754.0000 8
1756.0000 4
1758.0000 2
1760.0000 4
1762.0000 4
1764.0000 2
1766.0000 10
1768.0000 5
1770.0000 3
1772.0000 6
1774.0000 8
1776.0000 5
1778.0000 7
1780.0000 14
1782.0000 2
1784.0000 5
1786.0000 5
1788.0000 7
1790.0000 8
1792.0000 17
1794.0000 6
1796.0000 14
1798.0000 13
1800.0000 3
1802.0000 11
1804.0000 11
1806.0000 16
1808.0000 9
1810.0000 14
1812.0000 12
1814.0000 13
1816.0000 12
1818.0000 16
1820.0000 16
1822.0000 19
1824.0000 20
1826.0000 19
1828.0000 19
1830.0000 17
1832.0000 36
1834.0000 28
1836.0000 38
1838.0000 29
1840.0000 38
1842.0000 30
1844.0000 23
1846.0000 37
1848.0000 42
1850.0000 61
1852.0000 50
1854.0000 46
1856.0000 67
1858.0000 66
1860.0000 65
1862.0000 66
1864.0000 77
1866.0000 82
1868.0000 87
1870.0000 111
1872.0000 133
1874.0000 131
1876.0000 93
1878.0000 133
1880.0000 160
1882.0000 189
1884.0000 184
1886.0000 198
1888.0000 217
1890.0000 234
1892.0000 225
1894.0000 278
1896.0000 306
1898.0000 341
1900.0000 354
1902.0000 363
1904.0000 420
1906.0000 397
1908.0000 433
1910.0000 460
1912.0000 497
1914.0000 492
1916.0000 535
1918.0000 592
1920.0000 626
1922.0000 770
1924.0000 721
1926.0000 741
1928.0000 824
1930.0000 816
1932.0000 877
1934.0000 955
1936.0000 922
1938.0000 1035
1940.0000 1130
1942.0000 1180
1944.0000 1181
1946.0000 1247
1948.0000 1236
1950.0000 1386
1952.0000 1398
1954.0000 1416
1956.0000 1514
1958.0000 1560
1960.0000 1559
1962.0000 1600
1964.0000 1640
1966.0000 1756
1968.0000 1817
1970.0000 1861
1972.0000 1915
1974.0000 1953
1976.0000 2020
1978.0000 2060
1980.0000 2019
1982.0000 2081
1984.0000 2240
1986.0000 2263
1988.0000 2307
1990.0000 2308
1992.0000 2300
1994.0000 2313
1996.0000 2380
1998.0000 2539
2000.0000 2489
2002.0000 2607
2004.0000 2570
2006.0000 2630
2008.0000 2630
2010.0000 2688
2012.0000 2617
2014.0000 2738
2016.0000 2787
2018.0000 2700
2020.0000 2693
2022.0000 2771
2024.0000 2746
2026.0000 2818
2028.0000 2858
2030.0000 2874
2032.0000 2843
2034.0000 2968
2036.0000 2884
2038.0000 2922
2040.0000 2877
2042.0000 2934
2044.0000 2945
2046.0000 2947
2048.0000 2830
2050.0000 2999
2052.0000 3088
2054.0000 2916
2056.0000 2989
2058.0000 2997
2060.0000 2982
2062.0000 2898
2064.0000 3094
2066.0000 3042
2068.0000 2969
2070.0000 3074
2072.0000 3087
2074.0000 3038
2076.0000 3042
2078.0000 3012
2080.0000 3107
2082.0000 3095
2084.0000 2951
2086.0000 2962
2088.0000 3061
2090.0000 3075
2092.0000 3090
2094.0000 3064
2096.0000 3005
2098.0000 2981
2100.0000 2980
2102.0000 3036
2104.0000 3061
2106.0000 2806
2108.0000 2957
2110.0000 2966
2112.0000 3063
2114.0000 2961
2116.0000 2962
2118.0000 2952
2120.0000 2915
2122.0000 2906
2124.0000 2921
2126.0000 2997
2128.0000 2960
2130.0000 2869
2132.0000 2952
2134.0000 2935
2136.0000 2867
2138.0000 2882
2140.0000 2890
2142.0000 2885
2144.0000 2853
2146.0000 2916
2148.0000 2955
2150.0000 2798
2152.0000 2882
2154.0000 2966
2156.0000 2869
2158.0000 2940
2160.0000 2833
2162.0000 2979
2164.0000 2883
2166.0000 2891
2168.0000 2871
2170.0000 2915
2172.0000 2866
2174.0000 2796
2176.0000 2854
2178.0000 2888
2180.0000 2854
2182.0000 2829
2184.0000 2804
2186.0000 2837
2188.0000 2925
2190.0000 2823
2192.0000 2882
2194.0000 2903
2196.0000 2858
2198.0000 2860
2200.0000 2903
2202.0000 2916
2204.0000 2882
2206.0000 2904
2208.0000 2901
2210.0000 2819
2212.0000 2934
2214.0000 2979
2216.0000 2941
2218.0000 2856
2220.0000 2894
2222.0000 2943
2224.0000 2905
2226.0000 2955
2228.0000 2903
2230.0000 2947
2232.0000 2999
2234.0000 2944
2236.0000 2992
2238.0000 2960
2240.0000 3020
2242.0000 3019
2244.0000 3019
2246.0000 3038
2248.0000 3019
2250.0000 2958
2252.0000 2944
2254.0000 3048
2256.0000 3159
2258.0000 2965
2260.0000 3096
2262.0000 3105
2264.0000 3054
2266.0000 3089
2268.0000 3123
2270.0000 3140
2272.0000 3074
2274.0000 3023
2276.0000 3016
2278.0000 3071
2280.0000 3116
2282.0000 3137
2284.0000 3167
2286.0000 3042
2288.0000 3153
2290.0000 3132
2292.0000 3108
2294.0000 3116
2296.0000 3029
2298.0000 3128
2300.0000 3039
2302.0000 3143
2304.0000 3119
2306.0000 3126
2308.0000 3229
2310.0000 3119
2312.0000 3085
2314.0000 3187
2316.0000 3254
2318.0000 3250
2320.0000 3192
2322.0000 3215
2324.0000 3231
2326.0000 3200
2328.0000 3230
2330.0000 3211
2332.0000 3278
2334.0000 3227
2336.0000 3204
2338.0000 3317
2340.0000 3281
2342.0000 3189
2344.0000 3176
2346.0000 3236
2348.0000 3354
2350.0000 3270
2352.0000 3258
2354.0000 3250
2356.0000 3125
2358.0000 3268
2360.0000 3254
2362.0000 3287
2364.0000 3291
2366.0000 3269
2368.0000 3324
2370.0000 3296
2372.0000 3206
2374.0000 3178
2376.0000 3282
2378.0000 3242
2380.0000 3269
2382.0000 3292
2384.0000 3346
2386.0000 3370
2388.0000 3322
2390.0000 3340
2392.0000 3312
2394.0000 3320
2396.0000 3320
2398.0000 3308
2400.0000 3335
2402.0000 3265
2404.0000 3390
2406.0000 3365
2408.0000 3329
2410.0000 3532
2412.0000 3338
2414.0000 3321
2416.0000 3366
2418.0000 3329
2420.0000 3382
2422.0000 3468
2424.0000 3388
2426.0000 3471
2428.0000 3368
2430.0000 3466
2432.0000 3381
2434.0000 3462
2436.0000 3537
2438.0000 3416
2440.0000 3428
2442.0000 3433
2444.0000 3283
2446.0000 3361
2448.0000 3402
2450.0000 3500
2452.0000 3641
2454.0000 3379
2456.0000 3470
2458.0000 3421
2460.0000 3357
2462.0000 3373
2464.0000 3404
2466.0000 3381
2468.0000 3431
2470.0000 3451
2472.0000 3462
2474.0000 3383
2476.0000 3448
2478.0000 3376
2480.0000 3516
2482.0000 3368
2484.0000 3409
2486.0000 3338
2488.0000 3465
2490.0000 3296
2492.0000 3503
2494.0000 3435
2496.0000 3434
2498.0000 3448
2500.0000 3361
2502.0000 2549
2504.0000 8
2506.0000 5
2508.0000 8
2510.0000 9
2512.0000 3
2514.0000 5
2516.0000 0
2518.0000 3
2520.0000 1
2522.0000 2
2524.0000 3
2526.0000 1
2528.0000 0
2530.0000 2
2532.0000 1
2534.0000 3
2536.0000 1
2538.0000 3
2540.0000 9
2542.0000 7
2544.0000 6
2546.0000 7
2548.0000 5
2550.0000 3
2552.0000 3
2554.0000 2
2556.0000 3
2558.0000 0
2560.0000 2
2562.0000 1
2564.0000 5
2566.0000 2
2568.0000 3
2570.0000 5
2572.0000 3
2574.0000 5
2576.0000 1
2578.0000 2
2580.0000 4
2582.0000 4
2584.0000 5
2586.0000 8
2588.0000 5
2590.0000 6
2592.0000 2
2594.0000 7
2596.0000 8
2598.0000 10
2600.0000 10
2602.0000 13
2604.0000 16
2606.0000 8
2608.0000 10
2610.0000 5
2612.0000 5
2614.0000 10
2616.0000 7
2618.0000 6
2620.0000 6
2622.0000 9
2624.0000 7
2626.0000 9
2628.0000 4
2630.0000 11
2632.0000 15
2634.0000 8
2636.0000 8
2638.0000 8
2640.0000 7
2642.0000 10
2644.0000 7
2646.0000 8
2648.0000 5
2650.0000 9
2652.0000 15
2654.0000 7
2656.0000 12
2658.0000 12
2660.0000 13
2662.0000 16
2664.0000 13
2666.0000 15
2668.0000 20
2670.0000 18
2672.0000 18
2674.0000 15
2676.0000 25
2678.0000 22
2680.0000 27
2682.0000 21
2684.0000 22
2686.0000 32
2688.0000 39
2690.0000 18
2692.0000 36
2694.0000 47
2696.0000 40
2698.0000 38
2700.0000 56
2702.0000 53
2704.0000 47
2706.0000 56
2708.0000 54
2710.0000 57
2712.0000 76
2714.0000 74
2716.0000 81
2718.0000 91
2720.0000 106
2722.0000 104
2724.0000 90
2726.0000 119
2728.0000 128
2730.0000 150
2732.0000 137
2734.0000 154
2736.0000 173
2738.0000 181
2740.0000 193
2742.0000 219
2744.0000 237
2746.0000 256
2748.0000 261
2750.0000 264
2752.0000 285
2754.0000 302
2756.0000 372
2758.0000 392
2760.0000 436
2762.0000 446
2764.0000 503
2766.0000 506
2768.0000 517
2770.0000 561
2772.0000 581
2774.0000 670
2776.0000 639
2778.0000 714
2780.0000 761
2782.0000 749
2784.0000 877
2786.0000 864
2788.0000 912
2790.0000 958
2792.0000 978
2794.0000 1016
2796.0000 1114
2798.0000 1134
2800.0000 1239
2802.0000 1200
2804.0000 1297
2806.0000 1400
2808.0000 1383
2810.0000 1412
2812.0000 1627
2814.0000 1657
2816.0000 1710
2818.0000 1736
2820.0000 1702
2822.0000 1842
2824.0000 1888
2826.0000 1958
2828.0000 2003
2830.0000 1944
2832.0000 2001
2834.0000 2166
2836.0000 2120
2838.0000 2140
2840.0000 2296
2842.0000 2266
2844.0000 2425
2846.0000 2368
2848.0000 2409
2850.0000 2392
2852.0000 2489
2854.0000 2692
2856.0000 2506
2858.0000 2596
2860.0000 2640
2862.0000 2638
2864.0000 2602
2866.0000 2734
2868.0000 2780
2870.0000 2770
2872.0000 2714
2874.0000 2777
2876.0000 2902
2878.0000 2912
2880.0000 2927
2882.0000 2916
2884.0000 2894
2886.0000 2895
2888.0000 3052
2890.0000 2991
2892.0000 3002
2894.0000 3084
2896.0000 3075
2898.0000 2998
2900.0000 3132
2902.0000 3035
2904.0000 2997
2906.0000 3076
2908.0000 3195
2910.0000 3087
2912.0000 3154
2914.0000 3211
2916.0000 3126
2918.0000 3189
2920.0000 3067
2922.0000 3095
2924.0000 3206
2926.0000 3020
2928.0000 3095
2930.0000 3119
2932.0000 3097
2934.0000 3156
2936.0000 3116
2938.0000 3173
2940.0000 3179
2942.0000 3188
2944.0000 3177
2946.0000 3093
2948.0000 3086
2950.0000 3089
2952.0000 3169
2954.0000 3191
2956.0000 3166
2958.0000 3118
2960.0000 3201
2962.0000 3123
2964.0000 3054
2966.0000 3105
2968.0000 3089
2970.0000 3072
2972.0000 3106
2974.0000 3088
2976.0000 3138
2978.0000 3001
2980.0000 3092
2982.0000 3126
2984.0000 3079
2986.0000 2958
2988.0000 3081
2990.0000 3035
2992.0000 2967
2994.0000 2966
2996.0000 3057
2998.0000 2959
3000.0000 2997
3002.0000 3071
3004.0000 3087
3006.0000 2985
3008.0000 3083
3010.0000 3088
3012.0000 2975
3014.0000 2997
3016.0000 2994
3018.0000 2972
3020.0000 3052
3022.0000 3014
3024.0000 3104
3026.0000 2958
3028.0000 2964
3030.0000 3095
3032.0000 2951
3034.0000 3070
3036.0000 2993
3038.0000 3043
3040.0000 2971
3042.0000 2977
3044.0000 3003
3046.0000 3028
3048.0000 2964
3050.0000 2972
3052.0000 2915
3054.0000 3005
3056.0000 3116
3058.0000 3046
3060.0000 3091
3062.0000 3076
3064.0000 3017
3066.0000 2962
3068.0000 2864
3070.0000 3092
3072.0000 3041
3074.0000 3042
3076.0000 3040
3078.0000 3102
3080.0000 3126
3082.0000 3053
3084.0000 3057
3086.0000 3039
3088.0000 2981
3090.0000 3129
3092.0000 3154
3094.0000 3089
3096.0000 3101
3098.0000 3141
3100.0000 3156
3102.0000 3072
3104.0000 3149
3106.0000 3173
3108.0000 3140
3110.0000 3034
3112.0000 3118
3114.0000 3106
3116.0000 3075
3118.0000 3145
3120.0000 3121
3122.0000 3148
3124.0000 3137
3126.0000 3027
3128.0000 3072
3130.0000 3125
3132.0000 3180
3134.0000 3201
3136.0000 3173
3138.0000 3133
3140.0000 3149
3142.0000 3209
3144.0000 3240
3146.0000 3142
3148.0000 3144
3150.0000 3170
3152.0000 3272
3154.0000 3151
3156.0000 3220
3158.0000 3297
3160.0000 3242
3162.0000 3297
3164.0000 3277
3166.0000 3277
3168.0000 3192
3170.0000 3202
3172.0000 3129
3174.0000 3325
3176.0000 3266
3178.0000 3180
3180.0000 3175
3182.0000 3307
3184.0000 3325
3186.0000 3255
3188.0000 3257
3190.0000 3260
3192.0000 3355
3194.0000 3347
3196.0000 3321
3198.0000 3297
3200.0000 3286
3202.0000 3295
3204.0000 3362
3206.0000 3215
3208.0000 3245
3210.0000 3341
3212.0000 3248
3214.0000 3382
3216.0000 3375
3218.0000 3305
3220.0000 3230
3222.0000 3238
3224.0000 3200
3226.0000 3296
3228.0000 3277
3230.0000 3355
3232.0000 3412
3234.0000 3385
3236.0000 3243
3238.0000 3322
3240.0000 3370
3242.0000 3402
3244.0000 3338
3246.0000 3333
3248.0000 3330
3250.0000 3274
3252.0000 3309
3254.0000 3375
3256.0000 3306
3258.0000 3406
3260.0000 3360
3262.0000 3372
3264.0000 3338
3266.0000 3417
3268.0000 3475
3270.0000 3447
3272.0000 3488
3274.0000 3467
3276.0000 3472
3278.0000 3347
3280.0000 3400
3282.0000 3336
3284.0000 3442
3286.0000 3480
3288.0000 3420
3290.0000 3393
3292.0000 3449
3294.0000 3541
3296.0000 3376
3298.0000 3457
3300.0000 3378
3302.0000 3396
3304.0000 3453
3306.0000 3407
3308.0000 3433
3310.0000 3496
3312.0000 3397
3314.0000 3428
3316.0000 3453
3318.0000 3421
3320.0000 3411
3322.0000 3475
3324.0000 3507
3326.0000 3451
3328.0000 3542
3330.0000 3401
3332.0000 3512
3334.0000 3506
3336.0000 3366
3338.0000 3438
3340.0000 3376
3342.0000 3480
3344.0000 3492
3346.0000 3474
3348.0000 3479
3350.0000 3504
3352.0000 3182
3354.0000 3
3356.0000 3
3358.0000 4
3360.0000 0
3362.0000 3
3364.0000 2
3366.0000 2
3368.0000 3
3370.0000 1
3372.0000 3
3374.0000 1
3376.0000 2
3378.0000 3
3380.0000 4
3382.0000 1
3384.0000 0
3386.0000 3
3388.0000 1
3390.0000 1
3392.0000 1
3394.0000 0
3396.0000 1
3398.0000 2
