0.0000 2
0.5000 3
1.0000 4
1.5000 1
2.0000 8
2.5000 9
3.0000 7
3.5000 7
4.0000 6
4.5000 6
5.0000 7
5.5000 2
6.0000 1
6.5000 1
7.0000 0
7.5000 1
8.0000 3
8.5000 0
9.0000 4
9.5000 0
10.0000 5
10.5000 4
11.0000 3
11.5000 0
12.0000 2
12.5000 0
13.0000 2
13.5000 1
14.0000 3
14.5000 3
15.0000 0
15.5000 1
16.0000 1
16.5000 0
17.0000 0
17.5000 0
18.0000 0
18.5000 0
19.0000 0
19.5000 0
20.0000 0
20.5000 1
21.0000 1
21.5000 0
22.0000 0
22.5000 0
23.0000 1
23.5000 1
24.0000 0
24.5000 0
25.0000 1
25.5000 0
26.0000 0
26.5000 0
27.0000 0
27.5000 1
28.0000 0
28.5000 1
29.0000 1
29.5000 2
30.0000 0
30.5000 0
31.0000 1
31.5000 1
32.0000 0
32.5000 1
33.0000 2
33.5000 1
34.0000 2
34.5000 2
35.0000 1
35.5000 2
36.0000 0
36.5000 1
37.0000 0
37.5000 0
38.0000 2
38.5000 0
39.0000 1
39.5000 2
40.0000 0
40.5000 4
41.0000 2
41.5000 3
42.0000 0
42.5000 3
43.0000 3
43.5000 2
44.0000 1
44.5000 2
45.0000 6
45.5000 0
46.0000 6
46.5000 3
47.0000 4
47.5000 4
48.0000 5
48.5000 10
49.0000 6
49.5000 3
50.0000 7
50.5000 8
51.0000 9
51.5000 6
52.0000 2
52.5000 13
53.0000 14
53.5000 9
54.0000 6
54.5000 10
55.0000 12
55.5000 10
56.0000 7
56.5000 12
57.0000 8
57.5000 16
58.0000 13
58.5000 17
59.0000 13
59.5000 14
60.0000 14
60.5000 23
61.0000 13
61.5000 14
62.0000 16
62.5000 22
63.0000 24
63.5000 22
64.0000 23
64.5000 22
65.0000 20
65.5000 30
66.0000 31
66.5000 25
67.0000 20
67.5000 20
68.0000 21
68.5000 22
69.0000 30
69.5000 35
70.0000 31
70.5000 29
71.0000 30
71.5000 27
72.0000 37
72.5000 28
73.0000 34
73.5000 30
74.0000 31
74.5000 40
75.0000 46
75.5000 40
76.0000 41
76.5000 40
77.0000 42
77.5000 35
78.0000 59
78.5000 37
79.0000 46
79.5000 45
80.0000 46
80.5000 36
81.0000 57
81.5000 42
82.0000 55
82.5000 50
83.0000 58
83.5000 58
84.0000 50
84.5000 67
85.0000 50
85.5000 58
86.0000 52
86.5000 64
87.0000 70
87.5000 60
88.0000 65
88.5000 68
89.0000 71
89.5000 69
90.0000 54
90.5000 68
91.0000 83
91.5000 61
92.0000 73
92.5000 79
93.0000 69
93.5000 74
94.0000 61
94.5000 78
95.0000 61
95.5000 70
96.0000 74
96.5000 83
97.0000 67
97.5000 85
98.0000 84
98.5000 62
99.0000 87
99.5000 82
100.0000 100
100.5000 99
101.0000 91
101.5000 92
102.0000 82
102.5000 86
103.0000 92
103.5000 86
104.0000 78
104.5000 89
105.0000 85
105.5000 102
106.0000 87
106.5000 74
107.0000 101
107.5000 96
108.0000 105
108.5000 91
109.0000 116
109.5000 95
110.0000 101
110.5000 94
111.0000 109
111.5000 109
112.0000 105
112.5000 99
113.0000 109
113.5000 107
114.0000 118
114.5000 123
115.0000 97
115.5000 109
116.0000 110
116.5000 101
117.0000 119
117.5000 110
118.0000 131
118.5000 124
119.0000 97
119.5000 120
120.0000 108
120.5000 137
121.0000 126
121.5000 99
122.0000 138
122.5000 135
123.0000 130
123.5000 125
124.0000 152
124.5000 118
125.0000 114
125.5000 151
126.0000 147
126.5000 119
127.0000 136
127.5000 112
128.0000 129
128.5000 137
129.0000 123
129.5000 135
130.0000 129
130.5000 123
131.0000 139
131.5000 128
132.0000 148
132.5000 132
133.0000 141
133.5000 141
134.0000 139
134.5000 148
135.0000 155
135.5000 142
136.0000 139
136.5000 162
137.0000 170
137.5000 139
138.0000 152
138.5000 157
139.0000 140
139.5000 147
140.0000 148
140.5000 137
141.0000 142
141.5000 156
142.0000 142
142.5000 139
143.0000 146
143.5000 150
144.0000 168
144.5000 157
145.0000 151
145.5000 172
146.0000 164
146.5000 133
147.0000 154
147.5000 146
148.0000 157
148.5000 176
149.0000 138
149.5000 149
150.0000 172
150.5000 152
151.0000 162
151.5000 157
152.0000 189
152.5000 162
153.0000 165
153.5000 158
154.0000 192
154.5000 182
155.0000 180
155.5000 162
156.0000 185
156.5000 160
157.0000 189
157.5000 178
158.0000 178
158.5000 204
159.0000 173
159.5000 189
160.0000 182
160.5000 142
161.0000 0
161.5000 0
162.0000 0
162.5000 0
163.0000 0
163.5000 1
164.0000 0
164.5000 0
165.0000 0
165.5000 0
166.0000 0
166.5000 3
167.0000 0
167.5000 0
168.0000 0
168.5000 1
169.0000 0
169.5000 2
170.0000 1
170.5000 0
171.0000 2
171.5000 0
172.0000 0
172.5000 0
173.0000 0
173.5000 0
174.0000 0
174.5000 0
175.0000 1
175.5000 0
176.0000 0
176.5000 0
177.0000 0
177.5000 1
178.0000 0
178.5000 1
179.0000 2
179.5000 1
180.0000 2
180.5000 0
181.0000 1
181.5000 0
182.0000 1
182.5000 0
183.0000 0
183.5000 1
184.0000 1
184.5000 1
185.0000 0
185.5000 0
186.0000 1
186.5000 1
187.0000 1
187.5000 1
188.0000 2
188.5000 1
189.0000 0
189.5000 0
190.0000 1
190.5000 0
191.0000 3
191.5000 0
192.0000 0
192.5000 1
193.0000 0
193.5000 0
194.0000 1
194.5000 0
195.0000 2
195.5000 0
196.0000 0
196.5000 0
197.0000 1
197.5000 0
198.0000 0
198.5000 0
199.0000 0
199.5000 1
200.0000 0
200.5000 0
201.0000 0
201.5000 2
202.0000 0
202.5000 1
203.0000 0
203.5000 0
204.0000 2
204.5000 2
205.0000 0
205.5000 0
206.0000 0
206.5000 1
207.0000 0
207.5000 2
208.0000 0
208.5000 0
209.0000 1
209.5000 1
210.0000 0
210.5000 1
211.0000 0
211.5000 2
212.0000 0
212.5000 0
213.0000 4
213.5000 4
214.0000 4
214.5000 1
215.0000 1
215.5000 0
216.0000 3
216.5000 5
217.0000 5
217.5000 4
218.0000 4
218.5000 30
219.0000 11
219.5000 13
220.0000 8
220.5000 20
221.0000 17
221.5000 24
222.0000 19
222.5000 12
223.0000 25
223.5000 25
224.0000 15
224.5000 6
225.0000 4
225.5000 2
226.0000 1
226.5000 3
227.0000 4
227.5000 3
228.0000 8
228.5000 7
229.0000 7
229.5000 1
230.0000 1
230.5000 6
231.0000 5
231.5000 3
232.0000 7
232.5000 11
233.0000 6
233.5000 3
234.0000 8
234.5000 9
235.0000 6
235.5000 11
236.0000 8
236.5000 10
237.0000 9
237.5000 13
238.0000 6
238.5000 10
239.0000 19
239.5000 15
240.0000 14
240.5000 8
241.0000 17
241.5000 11
242.0000 12
242.5000 12
243.0000 25
243.5000 23
244.0000 21
244.5000 17
245.0000 25
245.5000 24
246.0000 16
246.5000 22
247.0000 26
247.5000 20
248.0000 30
248.5000 21
249.0000 29
249.5000 25
250.0000 26
250.5000 36
251.0000 36
251.5000 33
252.0000 35
252.5000 36
253.0000 28
253.5000 33
254.0000 28
254.5000 34
255.0000 38
255.5000 41
256.0000 46
256.5000 40
257.0000 51
257.5000 49
258.0000 42
258.5000 54
259.0000 44
259.5000 39
260.0000 43
260.5000 52
261.0000 53
261.5000 50
262.0000 46
262.5000 47
263.0000 49
263.5000 47
264.0000 61
264.5000 59
265.0000 51
265.5000 43
266.0000 63
266.5000 65
267.0000 45
267.5000 68
268.0000 74
268.5000 43
269.0000 65
269.5000 52
270.0000 57
270.5000 66
271.0000 67
271.5000 71
272.0000 56
272.5000 72
273.0000 64
273.5000 82
274.0000 54
274.5000 82
275.0000 80
275.5000 80
276.0000 61
276.5000 74
277.0000 75
277.5000 79
278.0000 73
278.5000 90
279.0000 77
279.5000 71
280.0000 68
280.5000 85
281.0000 70
281.5000 89
282.0000 78
282.5000 80
283.0000 79
283.5000 95
284.0000 76
284.5000 85
285.0000 75
285.5000 96
286.0000 95
286.5000 102
287.0000 85
287.5000 81
288.0000 106
288.5000 83
289.0000 104
289.5000 96
290.0000 98
290.5000 113
291.0000 98
291.5000 98
292.0000 102
292.5000 117
293.0000 96
293.5000 101
294.0000 95
294.5000 103
295.0000 104
295.5000 96
296.0000 89
296.5000 104
297.0000 117
297.5000 133
298.0000 98
298.5000 102
299.0000 114
299.5000 110
300.0000 105
300.5000 115
301.0000 128
301.5000 138
302.0000 113
302.5000 127
303.0000 146
303.5000 117
304.0000 120
304.5000 128
305.0000 137
305.5000 117
306.0000 128
306.5000 120
307.0000 134
307.5000 121
308.0000 128
308.5000 111
309.0000 114
309.5000 145
310.0000 137
310.5000 151
311.0000 145
311.5000 132
312.0000 160
312.5000 139
313.0000 144
313.5000 158
314.0000 133
314.5000 148
315.0000 142
315.5000 138
316.0000 149
316.5000 155
317.0000 162
317.5000 154
318.0000 141
318.5000 155
319.0000 134
319.5000 154
320.0000 135
320.5000 153
321.0000 141
321.5000 171
322.0000 129
322.5000 162
323.0000 140
323.5000 156
324.0000 156
324.5000 145
325.0000 141
325.5000 143
326.0000 173
326.5000 173
327.0000 158
327.5000 170
328.0000 164
328.5000 171
329.0000 176
329.5000 157
330.0000 151
330.5000 161
331.0000 165
331.5000 147
332.0000 163
332.5000 182
333.0000 166
333.5000 164
334.0000 174
334.5000 166
335.0000 191
335.5000 165
336.0000 155
336.5000 176
337.0000 188
337.5000 186
338.0000 188
338.5000 184
339.0000 143
339.5000 205
340.0000 156
340.5000 140
341.0000 0
341.5000 7
342.0000 5
342.5000 4
343.0000 4
343.5000 6
344.0000 1
344.5000 2
345.0000 1
345.5000 1
346.0000 2
346.5000 4
347.0000 1
347.5000 8
348.0000 8
348.5000 5
349.0000 2
349.5000 1
