0.0000 1
0.5000 1
1.0000 2
1.5000 0
2.0000 0
2.5000 0
3.0000 0
3.5000 1
4.0000 0
4.5000 0
5.0000 2
5.5000 0
6.0000 0
6.5000 2
7.0000 1
7.5000 1
8.0000 1
8.5000 1
9.0000 4
9.5000 2
10.0000 0
10.5000 3
11.0000 2
11.5000 1
12.0000 2
12.5000 1
13.0000 2
13.5000 2
14.0000 3
14.5000 0
15.0000 1
15.5000 1
16.0000 1
16.5000 2
17.0000 2
17.5000 1
18.0000 3
18.5000 3
19.0000 5
19.5000 4
20.0000 5
20.5000 4
21.0000 5
21.5000 3
22.0000 3
22.5000 4
23.0000 5
23.5000 4
24.0000 6
24.5000 1
25.0000 3
25.5000 6
26.0000 2
26.5000 3
27.0000 10
27.5000 4
28.0000 6
28.5000 10
29.0000 9
29.5000 7
30.0000 10
30.5000 13
31.0000 17
31.5000 9
32.0000 12
32.5000 14
33.0000 16
33.5000 16
34.0000 24
34.5000 20
35.0000 17
35.5000 31
36.0000 25
36.5000 34
37.0000 34
37.5000 34
38.0000 41
38.5000 48
39.0000 42
39.5000 55
40.0000 58
40.5000 61
41.0000 57
41.5000 68
42.0000 74
42.5000 90
43.0000 84
43.5000 104
44.0000 104
44.5000 116
45.0000 116
45.5000 142
46.0000 132
46.5000 162
47.0000 138
47.5000 174
48.0000 193
48.5000 241
49.0000 230
49.5000 277
50.0000 260
50.5000 298
51.0000 312
51.5000 365
52.0000 366
52.5000 411
53.0000 439
53.5000 469
54.0000 511
54.5000 516
55.0000 559
55.5000 646
56.0000 657
56.5000 696
57.0000 765
57.5000 751
58.0000 828
58.5000 851
59.0000 846
59.5000 955
60.0000 986
60.5000 1026
61.0000 1062
61.5000 1120
62.0000 1111
62.5000 1254
63.0000 1242
63.5000 1321
64.0000 1337
64.5000 1416
65.0000 1410
65.5000 1449
66.0000 1479
66.5000 1522
67.0000 1496
67.5000 1561
68.0000 1632
68.5000 1551
69.0000 1601
69.5000 1727
70.0000 1766
70.5000 1736
71.0000 1710
71.5000 1735
72.0000 1782
72.5000 1756
73.0000 1804
73.5000 1829
74.0000 1799
74.5000 1777
75.0000 1834
75.5000 1788
76.0000 1715
76.5000 1725
77.0000 1786
77.5000 1793
78.0000 1785
78.5000 1745
79.0000 1753
79.5000 1758
80.0000 1756
80.5000 1712
81.0000 1774
81.5000 1736
82.0000 1759
82.5000 1731
83.0000 1761
83.5000 1703
84.0000 1764
84.5000 1691
85.0000 1761
85.5000 1789
86.0000 1754
86.5000 1713
87.0000 1753
87.5000 1688
88.0000 1755
88.5000 1758
89.0000 1795
89.5000 1745
90.0000 1704
90.5000 1743
91.0000 1788
91.5000 1718
92.0000 1678
92.5000 1739
93.0000 1724
93.5000 1677
94.0000 1735
94.5000 1719
95.0000 1701
95.5000 1680
96.0000 1734
96.5000 1648
97.0000 1689
97.5000 1696
98.0000 1691
98.5000 1651
99.0000 1587
99.5000 1628
100.0000 1637
100.5000 1653
101.0000 1599
101.5000 1594
102.0000 1563
102.5000 1587
103.0000 1573
103.5000 1599
104.0000 1522
104.5000 1643
105.0000 1605
105.5000 1555
106.0000 1554
106.5000 1620
107.0000 1544
107.5000 1631
108.0000 1516
108.5000 1518
109.0000 1530
109.5000 1562
110.0000 1617
110.5000 1560
111.0000 1515
111.5000 1533
112.0000 1577
112.5000 1655
113.0000 1549
113.5000 1495
114.0000 1610
114.5000 1579
115.0000 1597
115.5000 1585
116.0000 1587
116.5000 1607
117.0000 1572
117.5000 1548
118.0000 1631
118.5000 1675
119.0000 1599
119.5000 1544
120.0000 1570
120.5000 1597
121.0000 1608
121.5000 1659
122.0000 1655
122.5000 1581
123.0000 1601
123.5000 1620
124.0000 1569
124.5000 1626
125.0000 1616
125.5000 1695
126.0000 1668
126.5000 1645
127.0000 1667
127.5000 1597
128.0000 1654
128.5000 1615
129.0000 1680
129.5000 1670
130.0000 1687
130.5000 1696
131.0000 1714
131.5000 1650
132.0000 1650
132.5000 1724
133.0000 1655
133.5000 1706
134.0000 1695
134.5000 1736
135.0000 1674
135.5000 1666
136.0000 1782
136.5000 1648
137.0000 1721
137.5000 1665
138.0000 1753
138.5000 1675
139.0000 1717
139.5000 1685
140.0000 1738
140.5000 1723
141.0000 1747
141.5000 1729
142.0000 1676
142.5000 1715
143.0000 1749
143.5000 1738
144.0000 1754
144.5000 1724
145.0000 1774
145.5000 1741
146.0000 1771
146.5000 1748
147.0000 1733
147.5000 1758
148.0000 1782
148.5000 1785
149.0000 1785
149.5000 1822
150.0000 1733
150.5000 1827
151.0000 1749
151.5000 1763
152.0000 1842
152.5000 1773
153.0000 1784
153.5000 1737
154.0000 1890
154.5000 1867
155.0000 1813
155.5000 1868
156.0000 1769
156.5000 1808
157.0000 1877
157.5000 1782
158.0000 1783
158.5000 1851
159.0000 1866
159.5000 1839
160.0000 1870
160.5000 1400
161.0000 0
161.5000 2
162.0000 1
162.5000 0
163.0000 0
163.5000 1
164.0000 0
164.5000 1
165.0000 2
165.5000 0
166.0000 0
166.5000 1
167.0000 0
167.5000 1
168.0000 1
168.5000 0
169.0000 1
169.5000 0
170.0000 2
170.5000 1
171.0000 2
171.5000 0
172.0000 0
172.5000 0
173.0000 0
173.5000 1
174.0000 0
174.5000 0
175.0000 0
175.5000 0
176.0000 0
176.5000 1
177.0000 1
177.5000 0
178.0000 0
178.5000 1
179.0000 0
179.5000 4
180.0000 0
180.5000 2
181.0000 0
181.5000 2
182.0000 3
182.5000 3
183.0000 2
183.5000 1
184.0000 1
184.5000 0
185.0000 2
185.5000 3
186.0000 1
186.5000 1
187.0000 1
187.5000 2
188.0000 1
188.5000 2
189.0000 1
189.5000 4
190.0000 3
190.5000 2
191.0000 4
191.5000 2
192.0000 1
192.5000 2
193.0000 3
193.5000 8
194.0000 2
194.5000 2
195.0000 4
195.5000 6
196.0000 6
196.5000 6
197.0000 5
197.5000 2
198.0000 12
198.5000 7
199.0000 7
199.5000 5
200.0000 7
200.5000 10
201.0000 8
201.5000 5
202.0000 10
202.5000 8
203.0000 14
203.5000 13
204.0000 15
204.5000 12
205.0000 17
205.5000 22
206.0000 15
206.5000 19
207.0000 17
207.5000 22
208.0000 31
208.5000 20
209.0000 27
209.5000 31
210.0000 20
210.5000 33
211.0000 26
211.5000 38
212.0000 56
212.5000 54
213.0000 66
213.5000 60
214.0000 61
214.5000 67
215.0000 93
215.5000 91
216.0000 104
216.5000 109
217.0000 99
217.5000 123
218.0000 143
218.5000 123
219.0000 127
219.5000 161
220.0000 174
220.5000 204
221.0000 227
221.5000 248
222.0000 251
222.5000 262
223.0000 296
223.5000 359
224.0000 324
224.5000 395
225.0000 432
225.5000 454
226.0000 461
226.5000 501
227.0000 581
227.5000 579
228.0000 630
228.5000 611
229.0000 692
229.5000 786
230.0000 744
230.5000 871
231.0000 846
231.5000 850
232.0000 968
232.5000 986
233.0000 1062
233.5000 1077
234.0000 1153
234.5000 1182
235.0000 1246
235.5000 1265
236.0000 1273
236.5000 1338
237.0000 1357
237.5000 1365
238.0000 1423
238.5000 1469
239.0000 1493
239.5000 1515
240.0000 1547
240.5000 1654
241.0000 1663
241.5000 1631
242.0000 1644
242.5000 1686
243.0000 1679
243.5000 1624
244.0000 1761
244.5000 1692
245.0000 1726
245.5000 1738
246.0000 1790
246.5000 1754
247.0000 1684
247.5000 1768
248.0000 1756
248.5000 1799
249.0000 1819
249.5000 1711
250.0000 1759
250.5000 1796
251.0000 1775
251.5000 1729
252.0000 1812
252.5000 1739
253.0000 1660
253.5000 1775
254.0000 1687
254.5000 1694
255.0000 1744
255.5000 1740
256.0000 1677
256.5000 1685
257.0000 1719
257.5000 1754
258.0000 1762
258.5000 1730
259.0000 1738
259.5000 1698
260.0000 1704
260.5000 1718
261.0000 1713
261.5000 1603
262.0000 1674
262.5000 1669
263.0000 1656
263.5000 1629
264.0000 1604
264.5000 1647
265.0000 1653
265.5000 1676
266.0000 1585
266.5000 1602
267.0000 1651
267.5000 1608
268.0000 1588
268.5000 1617
269.0000 1612
269.5000 1641
270.0000 1593
270.5000 1579
271.0000 1547
271.5000 1618
272.0000 1572
272.5000 1582
273.0000 1645
273.5000 1652
274.0000 1619
274.5000 1595
275.0000 1618
275.5000 1534
276.0000 1580
276.5000 1597
277.0000 1574
277.5000 1526
278.0000 1549
278.5000 1523
279.0000 1528
279.5000 1591
280.0000 1513
280.5000 1580
281.0000 1586
281.5000 1537
282.0000 1548
282.5000 1533
283.0000 1542
283.5000 1430
284.0000 1480
284.5000 1510
285.0000 1504
285.5000 1586
286.0000 1539
286.5000 1548
287.0000 1529
287.5000 1528
288.0000 1550
288.5000 1504
289.0000 1551
289.5000 1566
290.0000 1549
290.5000 1573
291.0000 1535
291.5000 1638
292.0000 1521
292.5000 1587
293.0000 1570
293.5000 1652
294.0000 1575
294.5000 1542
295.0000 1572
295.5000 1577
296.0000 1677
296.5000 1611
297.0000 1597
297.5000 1618
298.0000 1601
298.5000 1695
299.0000 1630
299.5000 1618
300.0000 1735
300.5000 1651
301.0000 1646
301.5000 1690
302.0000 1670
302.5000 1602
303.0000 1689
303.5000 1626
304.0000 1703
304.5000 1661
305.0000 1710
305.5000 1725
306.0000 1700
306.5000 1700
307.0000 1693
307.5000 1609
308.0000 1720
308.5000 1677
309.0000 1659
309.5000 1748
310.0000 1662
310.5000 1707
311.0000 1717
311.5000 1729
312.0000 1698
312.5000 1685
313.0000 1736
313.5000 1742
314.0000 1723
314.5000 1688
315.0000 1663
315.5000 1754
316.0000 1730
316.5000 1734
317.0000 1659
317.5000 1766
318.0000 1744
318.5000 1710
319.0000 1795
319.5000 1731
320.0000 1786
320.5000 1732
321.0000 1708
321.5000 1791
322.0000 1683
322.5000 1760
323.0000 1730
323.5000 1827
324.0000 1778
324.5000 1835
325.0000 1802
325.5000 1764
326.0000 1809
326.5000 1796
327.0000 1805
327.5000 1782
328.0000 1819
328.5000 1793
329.0000 1783
329.5000 1820
330.0000 1751
330.5000 1489
331.0000 0
331.5000 1
332.0000 0
332.5000 0
333.0000 1
333.5000 1
334.0000 0
334.5000 1
335.0000 0
335.5000 0
336.0000 0
336.5000 0
337.0000 1
337.5000 0
338.0000 0
338.5000 0
339.0000 0
339.5000 1
340.0000 1
340.5000 2
341.0000 0
341.5000 1
342.0000 1
342.5000 1
343.0000 1
343.5000 0
344.0000 0
344.5000 1
345.0000 0
345.5000 0
346.0000 0
346.5000 1
347.0000 1
347.5000 1
348.0000 2
348.5000 2
349.0000 2
349.5000 0
350.0000 1
350.5000 0
351.0000 0
351.5000 0
352.0000 0
352.5000 1
353.0000 1
353.5000 0
354.0000 0
354.5000 0
355.0000 1
355.5000 0
356.0000 2
356.5000 1
357.0000 3
357.5000 1
358.0000 3
358.5000 5
359.0000 2
359.5000 3
360.0000 1
360.5000 0
361.0000 3
361.5000 3
362.0000 1
362.5000 1
363.0000 5
363.5000 4
364.0000 2
364.5000 2
365.0000 4
365.5000 3
366.0000 4
366.5000 4
367.0000 0
367.5000 2
368.0000 6
368.5000 5
369.0000 7
369.5000 5
370.0000 8
370.5000 3
371.0000 8
371.5000 7
372.0000 8
372.5000 2
373.0000 10
373.5000 10
374.0000 14
374.5000 8
375.0000 13
375.5000 7
376.0000 21
376.5000 8
377.0000 16
377.5000 16
378.0000 20
378.5000 22
379.0000 22
379.5000 21
380.0000 25
380.5000 31
381.0000 35
381.5000 33
382.0000 40
382.5000 42
383.0000 45
383.5000 49
384.0000 56
384.5000 53
385.0000 60
385.5000 56
386.0000 63
386.5000 81
387.0000 90
387.5000 88
388.0000 96
388.5000 103
389.0000 102
389.5000 120
390.0000 138
390.5000 138
391.0000 155
391.5000 173
392.0000 213
392.5000 210
393.0000 235
393.5000 254
394.0000 288
394.5000 290
395.0000 286
395.5000 353
396.0000 375
396.5000 392
397.0000 417
397.5000 460
398.0000 494
398.5000 502
399.0000 544
399.5000 586
400.0000 651
400.5000 656
401.0000 727
401.5000 807
402.0000 767
402.5000 856
403.0000 901
403.5000 955
404.0000 967
404.5000 1010
405.0000 1126
405.5000 1125
406.0000 1106
406.5000 1213
407.0000 1235
407.5000 1281
408.0000 1303
408.5000 1405
409.0000 1398
409.5000 1402
410.0000 1479
410.5000 1490
411.0000 1476
411.5000 1517
412.0000 1542
412.5000 1585
413.0000 1541
413.5000 1616
414.0000 1614
414.5000 1664
415.0000 1668
415.5000 1698
416.0000 1673
416.5000 1687
417.0000 1671
417.5000 1698
418.0000 1661
418.5000 1695
419.0000 1713
419.5000 1654
420.0000 1695
420.5000 1649
421.0000 1608
421.5000 1722
422.0000 1729
422.5000 1701
423.0000 1704
423.5000 1686
424.0000 1687
424.5000 1675
425.0000 1686
425.5000 1686
426.0000 1705
426.5000 1629
427.0000 1679
427.5000 1745
428.0000 1650
428.5000 1638
429.0000 1696
429.5000 1630
430.0000 1607
430.5000 1685
431.0000 1684
431.5000 1641
432.0000 1715
432.5000 1662
433.0000 1624
433.5000 1615
434.0000 1645
434.5000 1649
435.0000 1651
435.5000 1711
436.0000 1648
436.5000 1658
437.0000 1667
437.5000 1713
438.0000 1670
438.5000 1619
439.0000 1613
439.5000 1674
440.0000 1611
440.5000 1608
441.0000 1591
441.5000 1681
442.0000 1630
442.5000 1480
443.0000 1542
443.5000 1513
444.0000 1597
444.5000 1551
445.0000 1588
445.5000 1508
446.0000 1514
446.5000 1569
447.0000 1568
447.5000 1506
448.0000 1581
448.5000 1552
449.0000 1536
449.5000 1535
450.0000 1585
450.5000 1514
451.0000 1529
451.5000 1528
452.0000 1468
452.5000 1468
453.0000 1527
453.5000 1473
454.0000 1516
454.5000 1501
455.0000 1486
455.5000 1594
456.0000 1530
456.5000 1533
457.0000 1527
457.5000 1528
458.0000 1523
458.5000 1520
459.0000 1541
459.5000 1617
460.0000 1609
460.5000 1540
461.0000 1546
461.5000 1542
462.0000 1549
462.5000 1537
463.0000 1556
463.5000 1577
464.0000 1602
464.5000 1583
465.0000 1624
465.5000 1557
466.0000 1631
466.5000 1642
467.0000 1587
467.5000 1677
468.0000 1624
468.5000 1604
469.0000 1697
469.5000 1622
470.0000 1656
470.5000 1606
471.0000 1664
471.5000 1675
472.0000 1624
472.5000 1654
473.0000 1709
473.5000 1629
474.0000 1725
474.5000 1721
475.0000 1685
475.5000 1687
476.0000 1667
476.5000 1655
477.0000 1706
477.5000 1687
478.0000 1697
478.5000 1706
479.0000 1759
479.5000 1657
480.0000 1711
480.5000 1691
481.0000 1685
481.5000 1736
482.0000 1718
482.5000 1691
483.0000 1780
483.5000 1747
484.0000 1695
484.5000 1664
485.0000 1699
485.5000 1676
486.0000 1738
486.5000 1686
487.0000 1768
487.5000 1721
488.0000 1792
488.5000 1714
489.0000 1726
489.5000 1805
490.0000 1740
490.5000 1780
491.0000 1724
491.5000 1660
492.0000 1709
492.5000 1801
493.0000 1746
493.5000 1766
494.0000 1792
494.5000 1767
495.0000 1732
495.5000 1723
496.0000 1718
496.5000 1777
497.0000 1738
497.5000 1790
498.0000 1778
498.5000 1787
499.0000 1763
499.5000 1742
500.0000 1810
500.5000 1552
501.0000 2
501.5000 1
502.0000 0
502.5000 0
503.0000 1
503.5000 2
504.0000 2
504.5000 0
505.0000 2
505.5000 0
506.0000 0
506.5000 1
507.0000 0
507.5000 1
508.0000 0
508.5000 0
509.0000 0
509.5000 0
510.0000 0
510.5000 0
511.0000 0
511.5000 1
512.0000 2
512.5000 1
513.0000 1
513.5000 0
514.0000 1
514.5000 1
515.0000 0
515.5000 0
516.0000 1
516.5000 0
517.0000 0
517.5000 0
518.0000 0
518.5000 0
519.0000 0
519.5000 1
520.0000 1
520.5000 1
521.0000 0
521.5000 0
522.0000 3
522.5000 1
523.0000 1
523.5000 0
524.0000 0
524.5000 3
525.0000 1
525.5000 0
526.0000 0
526.5000 0
527.0000 0
527.5000 2
528.0000 1
528.5000 0
529.0000 2
529.5000 2
530.0000 2
530.5000 2
531.0000 3
531.5000 2
532.0000 1
532.5000 1
533.0000 0
533.5000 2
534.0000 2
534.5000 4
535.0000 7
535.5000 4
536.0000 5
536.5000 4
537.0000 4
537.5000 3
538.0000 2
538.5000 5
539.0000 7
539.5000 6
540.0000 7
540.5000 4
541.0000 3
541.5000 4
542.0000 4
542.5000 6
543.0000 6
543.5000 8
544.0000 4
544.5000 8
545.0000 8
545.5000 11
546.0000 10
546.5000 8
547.0000 10
547.5000 16
548.0000 14
548.5000 17
549.0000 24
549.5000 21
550.0000 27
550.5000 21
551.0000 25
551.5000 24
552.0000 17
552.5000 36
553.0000 40
553.5000 31
554.0000 41
554.5000 53
555.0000 51
555.5000 58
556.0000 77
556.5000 65
557.0000 77
557.5000 77
558.0000 91
558.5000 94
559.0000 106
559.5000 121
560.0000 123
560.5000 126
561.0000 121
561.5000 159
562.0000 184
562.5000 171
563.0000 204
563.5000 199
564.0000 242
564.5000 262
565.0000 240
565.5000 283
566.0000 341
566.5000 295
567.0000 355
567.5000 414
568.0000 399
568.5000 465
569.0000 467
569.5000 513
570.0000 545
570.5000 627
571.0000 634
571.5000 712
572.0000 737
572.5000 716
573.0000 800
573.5000 834
574.0000 885
574.5000 910
575.0000 1005
575.5000 986
576.0000 1108
576.5000 1090
577.0000 1202
577.5000 1205
578.0000 1187
578.5000 1244
579.0000 1352
579.5000 1384
580.0000 1398
580.5000 1454
581.0000 1451
581.5000 1507
582.0000 1445
582.5000 1562
583.0000 1538
583.5000 1561
584.0000 1603
584.5000 1631
585.0000 1604
585.5000 1653
586.0000 1651
586.5000 1601
587.0000 1657
587.5000 1622
588.0000 1705
588.5000 1685
589.0000 1705
589.5000 1668
590.0000 1661
590.5000 1661
591.0000 1656
591.5000 1767
592.0000 1688
592.5000 1757
593.0000 1686
593.5000 1738
594.0000 1700
594.5000 1679
595.0000 1668
595.5000 1716
596.0000 1676
596.5000 1712
597.0000 1622
597.5000 1599
598.0000 1705
598.5000 1703
599.0000 1632
599.5000 1679
600.0000 1632
600.5000 1661
601.0000 1758
601.5000 1749
602.0000 1710
602.5000 1719
603.0000 1721
603.5000 1670
604.0000 1736
604.5000 1652
605.0000 1606
605.5000 1633
606.0000 1650
606.5000 1669
607.0000 1649
607.5000 1659
608.0000 1729
608.5000 1621
609.0000 1604
609.5000 1647
610.0000 1606
610.5000 1656
611.0000 1631
611.5000 1587
612.0000 1659
612.5000 1627
613.0000 1595
613.5000 1611
614.0000 1670
614.5000 1567
615.0000 1575
615.5000 1547
616.0000 1583
616.5000 1497
617.0000 1562
617.5000 1579
618.0000 1523
618.5000 1570
619.0000 1541
619.5000 1489
620.0000 1539
620.5000 1446
621.0000 1522
621.5000 1553
622.0000 1506
622.5000 1519
623.0000 1468
623.5000 1547
624.0000 1467
624.5000 1542
625.0000 1548
625.5000 1510
626.0000 1486
626.5000 1471
627.0000 1477
627.5000 1585
628.0000 1544
628.5000 1573
629.0000 1521
629.5000 1574
630.0000 1544
630.5000 1618
631.0000 1560
631.5000 1600
632.0000 1528
632.5000 1611
633.0000 1547
633.5000 1583
634.0000 1636
634.5000 1551
635.0000 1644
635.5000 1656
636.0000 1668
636.5000 1640
637.0000 1568
637.5000 1640
638.0000 1641
638.5000 1655
639.0000 1644
639.5000 1671
640.0000 1600
640.5000 1626
641.0000 1611
641.5000 1656
642.0000 1654
642.5000 1658
643.0000 1625
643.5000 1715
644.0000 1711
644.5000 1625
645.0000 1703
645.5000 1659
646.0000 1678
646.5000 1665
647.0000 1662
647.5000 1621
648.0000 1698
648.5000 1683
649.0000 1701
649.5000 1673
650.0000 1766
650.5000 1709
651.0000 1712
651.5000 1750
652.0000 1738
652.5000 1718
653.0000 1766
653.5000 1680
654.0000 1739
654.5000 1704
655.0000 1678
655.5000 1732
656.0000 1723
656.5000 1693
657.0000 1703
657.5000 1745
658.0000 1744
658.5000 1761
659.0000 1814
659.5000 1770
660.0000 1762
660.5000 1728
661.0000 1795
661.5000 1788
662.0000 1786
662.5000 1723
663.0000 1764
663.5000 1781
664.0000 1785
664.5000 1757
665.0000 1731
665.5000 1798
666.0000 1811
666.5000 1840
667.0000 1804
667.5000 1740
668.0000 1789
668.5000 1724
669.0000 1798
669.5000 1740
670.0000 1782
670.5000 1658
671.0000 2
671.5000 3
672.0000 0
672.5000 0
673.0000 0
673.5000 0
674.0000 2
674.5000 0
675.0000 0
675.5000 1
676.0000 0
676.5000 0
677.0000 1
677.5000 1
678.0000 0
678.5000 0
679.0000 0
679.5000 2
680.0000 2
680.5000 0
681.0000 0
681.5000 1
682.0000 0
682.5000 0
683.0000 1
683.5000 1
684.0000 1
684.5000 0
685.0000 0
685.5000 0
686.0000 1
686.5000 0
687.0000 2
687.5000 0
688.0000 2
688.5000 0
689.0000 0
689.5000 0
690.0000 1
690.5000 2
691.0000 1
691.5000 0
692.0000 1
692.5000 0
693.0000 0
693.5000 1
694.0000 1
694.5000 1
695.0000 0
695.5000 0
696.0000 3
696.5000 0
697.0000 0
697.5000 2
698.0000 1
698.5000 5
699.0000 2
699.5000 2
700.0000 2
700.5000 3
701.0000 0
701.5000 4
702.0000 1
702.5000 3
703.0000 3
703.5000 1
704.0000 4
704.5000 2
705.0000 2
705.5000 5
706.0000 4
706.5000 0
707.0000 4
707.5000 2
708.0000 4
708.5000 6
709.0000 3
709.5000 8
710.0000 4
710.5000 3
711.0000 14
711.5000 5
712.0000 3
712.5000 0
713.0000 7
713.5000 4
714.0000 5
714.5000 6
715.0000 7
715.5000 11
716.0000 10
716.5000 9
717.0000 16
717.5000 5
718.0000 11
718.5000 15
719.0000 14
719.5000 26
720.0000 16
720.5000 25
721.0000 20
721.5000 31
722.0000 24
722.5000 35
723.0000 24
723.5000 27
724.0000 34
724.5000 44
725.0000 49
725.5000 51
726.0000 54
726.5000 47
727.0000 66
727.5000 77
728.0000 82
728.5000 80
729.0000 97
729.5000 86
730.0000 111
730.5000 114
731.0000 144
731.5000 144
732.0000 150
732.5000 147
733.0000 181
733.5000 221
734.0000 200
734.5000 232
735.0000 291
735.5000 283
736.0000 326
736.5000 312
737.0000 330
737.5000 377
738.0000 392
738.5000 424
739.0000 449
739.5000 549
740.0000 526
740.5000 529
741.0000 603
741.5000 604
742.0000 641
742.5000 704
743.0000 769
743.5000 862
744.0000 851
744.5000 883
745.0000 899
745.5000 961
746.0000 1030
746.5000 1016
747.0000 1104
747.5000 1184
748.0000 1189
748.5000 1234
749.0000 1201
749.5000 1242
750.0000 1267
750.5000 1367
751.0000 1416
751.5000 1429
752.0000 1449
752.5000 1503
753.0000 1488
753.5000 1514
754.0000 1527
754.5000 1599
755.0000 1579
755.5000 1642
756.0000 1619
756.5000 1625
757.0000 1617
757.5000 1565
758.0000 1693
758.5000 1664
759.0000 1605
759.5000 1746
760.0000 1675
760.5000 1705
761.0000 1647
761.5000 1662
762.0000 1659
762.5000 1668
763.0000 1650
763.5000 1721
764.0000 1677
764.5000 1643
765.0000 1711
765.5000 1709
766.0000 1671
766.5000 1649
767.0000 1641
767.5000 1612
768.0000 1653
768.5000 1588
769.0000 1646
769.5000 1604
770.0000 1698
770.5000 1703
771.0000 1692
771.5000 1684
772.0000 1618
772.5000 1668
773.0000 1662
773.5000 1571
774.0000 1691
774.5000 1604
775.0000 1669
775.5000 1660
776.0000 1596
776.5000 1604
777.0000 1629
777.5000 1659
778.0000 1674
778.5000 1656
779.0000 1646
779.5000 1632
780.0000 1653
780.5000 1630
781.0000 1594
781.5000 1678
782.0000 1678
782.5000 1589
783.0000 1601
783.5000 1622
784.0000 1671
784.5000 1597
785.0000 1578
785.5000 1625
786.0000 1589
786.5000 1554
787.0000 1570
787.5000 1570
788.0000 1556
788.5000 1605
789.0000 1584
789.5000 1527
790.0000 1556
790.5000 1581
791.0000 1551
791.5000 1554
792.0000 1617
792.5000 1556
793.0000 1565
793.5000 1537
794.0000 1557
794.5000 1596
795.0000 1558
795.5000 1559
796.0000 1592
796.5000 1520
797.0000 1642
797.5000 1551
798.0000 1559
798.5000 1511
799.0000 1552
799.5000 1588
800.0000 1568
800.5000 1625
801.0000 1602
801.5000 1568
802.0000 1621
802.5000 1626
803.0000 1576
803.5000 1566
804.0000 1628
804.5000 1644
805.0000 1629
805.5000 1699
806.0000 1601
806.5000 1598
807.0000 1677
807.5000 1658
808.0000 1584
808.5000 1662
809.0000 1690
809.5000 1710
810.0000 1634
810.5000 1613
811.0000 1601
811.5000 1686
812.0000 1646
812.5000 1657
813.0000 1663
813.5000 1662
814.0000 1588
814.5000 1671
815.0000 1686
815.5000 1694
816.0000 1680
816.5000 1716
817.0000 1733
817.5000 1661
818.0000 1737
818.5000 1733
819.0000 1640
819.5000 1670
820.0000 1631
820.5000 1713
821.0000 1674
821.5000 1688
822.0000 1724
822.5000 1703
823.0000 1684
823.5000 1730
824.0000 1671
824.5000 1734
825.0000 1731
825.5000 1763
826.0000 1788
826.5000 1763
827.0000 1753
827.5000 1689
828.0000 1665
828.5000 1727
829.0000 1723
829.5000 1725
830.0000 1820
830.5000 1735
831.0000 1731
831.5000 1838
832.0000 1770
832.5000 1750
833.0000 1744
833.5000 1775
834.0000 1768
834.5000 1762
835.0000 1658
835.5000 1741
836.0000 1759
836.5000 1738
837.0000 1820
837.5000 1816
838.0000 1896
838.5000 1877
839.0000 1799
839.5000 1808
840.0000 1797
840.5000 1686
841.0000 1
841.5000 0
842.0000 1
842.5000 0
843.0000 1
843.5000 0
844.0000 1
844.5000 0
845.0000 1
845.5000 0
846.0000 1
846.5000 0
847.0000 2
847.5000 0
848.0000 0
848.5000 0
849.0000 0
849.5000 0
