0.0000 4
0.5000 5
1.0000 5
1.5000 2
2.0000 3
2.5000 7
3.0000 6
3.5000 3
4.0000 2
4.5000 2
5.0000 4
5.5000 3
6.0000 7
6.5000 4
7.0000 2
7.5000 3
8.0000 6
8.5000 4
9.0000 3
9.5000 4
10.0000 0
10.5000 0
11.0000 1
11.5000 1
12.0000 8
12.5000 1
13.0000 6
13.5000 7
14.0000 7
14.5000 7
15.0000 3
15.5000 2
16.0000 8
16.5000 8
17.0000 7
17.5000 9
18.0000 2
18.5000 4
19.0000 7
19.5000 4
20.0000 4
20.5000 6
21.0000 6
21.5000 5
22.0000 13
22.5000 3
23.0000 2
23.5000 1
24.0000 1
24.5000 2
25.0000 1
25.5000 0
26.0000 1
26.5000 1
27.0000 1
27.5000 2
28.0000 1
28.5000 2
29.0000 1
29.5000 1
30.0000 2
30.5000 3
31.0000 1
31.5000 1
32.0000 0
32.5000 1
33.0000 2
33.5000 2
34.0000 0
34.5000 3
35.0000 4
35.5000 2
36.0000 6
36.5000 1
37.0000 1
37.5000 2
38.0000 1
38.5000 2
39.0000 2
39.5000 3
40.0000 4
40.5000 1
41.0000 2
41.5000 2
42.0000 0
42.5000 3
43.0000 5
43.5000 2
44.0000 5
44.5000 4
45.0000 5
45.5000 3
46.0000 4
46.5000 1
47.0000 3
47.5000 3
48.0000 6
48.5000 1
49.0000 2
49.5000 3
50.0000 1
50.5000 2
51.0000 1
51.5000 2
52.0000 1
52.5000 3
53.0000 3
53.5000 1
54.0000 2
54.5000 3
55.0000 2
55.5000 1
56.0000 4
56.5000 1
57.0000 0
57.5000 4
58.0000 2
58.5000 2
59.0000 3
59.5000 3
60.0000 2
60.5000 2
61.0000 6
61.5000 0
62.0000 1
62.5000 7
63.0000 2
63.5000 4
64.0000 8
64.5000 6
65.0000 9
65.5000 10
66.0000 7
66.5000 4
67.0000 9
67.5000 4
68.0000 10
68.5000 6
69.0000 3
69.5000 7
70.0000 9
70.5000 5
71.0000 6
71.5000 15
72.0000 12
72.5000 11
73.0000 14
73.5000 17
74.0000 10
74.5000 11
75.0000 9
75.5000 12
76.0000 13
76.5000 17
77.0000 15
77.5000 11
78.0000 11
78.5000 18
79.0000 13
79.5000 18
80.0000 14
80.5000 7
81.0000 9
81.5000 8
82.0000 19
82.5000 13
83.0000 34
83.5000 19
84.0000 24
84.5000 18
85.0000 19
85.5000 24
86.0000 20
86.5000 16
87.0000 34
87.5000 16
88.0000 26
88.5000 23
89.0000 30
89.5000 33
90.0000 29
90.5000 28
91.0000 32
91.5000 31
92.0000 30
92.5000 31
93.0000 38
93.5000 43
94.0000 33
94.5000 43
95.0000 36
95.5000 40
96.0000 44
96.5000 32
97.0000 44
97.5000 35
98.0000 51
98.5000 53
99.0000 35
99.5000 42
100.0000 58
100.5000 57
101.0000 54
101.5000 57
102.0000 69
102.5000 57
103.0000 52
103.5000 55
104.0000 50
104.5000 65
105.0000 64
105.5000 79
106.0000 64
106.5000 65
107.0000 78
107.5000 72
108.0000 62
108.5000 71
109.0000 73
109.5000 77
110.0000 77
110.5000 93
111.0000 88
111.5000 91
112.0000 105
112.5000 89
113.0000 96
113.5000 97
114.0000 95
114.5000 114
115.0000 98
115.5000 104
116.0000 90
116.5000 99
117.0000 96
117.5000 113
118.0000 117
118.5000 112
119.0000 116
119.5000 130
120.0000 129
120.5000 148
121.0000 138
121.5000 117
122.0000 129
122.5000 159
123.0000 154
123.5000 139
124.0000 142
124.5000 144
125.0000 160
125.5000 137
126.0000 163
126.5000 169
127.0000 130
127.5000 159
128.0000 175
128.5000 148
129.0000 180
129.5000 184
130.0000 161
130.5000 189
131.0000 176
131.5000 178
132.0000 189
132.5000 169
133.0000 195
133.5000 202
134.0000 199
134.5000 196
135.0000 189
135.5000 187
136.0000 177
136.5000 191
137.0000 207
137.5000 202
138.0000 199
138.5000 181
139.0000 209
139.5000 183
140.0000 188
140.5000 182
141.0000 201
141.5000 209
142.0000 209
142.5000 192
143.0000 204
143.5000 207
144.0000 213
144.5000 221
145.0000 198
145.5000 213
146.0000 216
146.5000 197
147.0000 244
147.5000 206
148.0000 224
148.5000 206
149.0000 200
149.5000 215
150.0000 220
150.5000 219
151.0000 218
151.5000 213
152.0000 196
152.5000 188
153.0000 217
153.5000 225
154.0000 206
154.5000 221
155.0000 206
155.5000 196
156.0000 205
156.5000 210
157.0000 217
157.5000 234
158.0000 237
158.5000 219
159.0000 204
159.5000 239
160.0000 218
160.5000 162
161.0000 0
161.5000 0
162.0000 1
162.5000 0
163.0000 0
163.5000 0
164.0000 0
164.5000 0
165.0000 1
165.5000 0
166.0000 0
166.5000 2
167.0000 0
167.5000 0
168.0000 0
168.5000 0
169.0000 1
169.5000 2
170.0000 1
170.5000 1
171.0000 0
171.5000 0
172.0000 1
172.5000 0
173.0000 0
173.5000 0
174.0000 1
174.5000 0
175.0000 0
175.5000 0
176.0000 1
176.5000 0
177.0000 0
177.5000 0
178.0000 1
178.5000 0
179.0000 1
179.5000 0
180.0000 1
180.5000 0
181.0000 0
181.5000 0
182.0000 0
182.5000 0
183.0000 1
183.5000 0
184.0000 0
184.5000 0
185.0000 0
185.5000 0
186.0000 0
186.5000 0
187.0000 1
187.5000 1
188.0000 0
188.5000 0
189.0000 0
189.5000 0
190.0000 0
190.5000 0
191.0000 1
191.5000 0
192.0000 0
192.5000 0
193.0000 0
193.5000 0
194.0000 0
194.5000 0
195.0000 0
195.5000 0
196.0000 0
196.5000 1
197.0000 0
197.5000 2
198.0000 0
198.5000 1
199.0000 0
199.5000 0
200.0000 0
200.5000 0
201.0000 0
201.5000 0
202.0000 0
202.5000 2
203.0000 0
203.5000 0
204.0000 1
204.5000 0
205.0000 0
205.5000 0
206.0000 1
206.5000 0
207.0000 1
207.5000 0
208.0000 0
208.5000 0
209.0000 1
209.5000 0
210.0000 1
210.5000 1
211.0000 0
211.5000 1
212.0000 0
212.5000 1
213.0000 1
213.5000 1
214.0000 0
214.5000 1
215.0000 0
215.5000 2
216.0000 1
216.5000 2
217.0000 3
217.5000 2
218.0000 1
218.5000 1
219.0000 1
219.5000 0
220.0000 2
220.5000 2
221.0000 3
221.5000 2
222.0000 1
222.5000 1
223.0000 1
223.5000 4
224.0000 1
224.5000 0
225.0000 0
225.5000 0
226.0000 2
226.5000 2
227.0000 6
227.5000 1
228.0000 3
228.5000 1
229.0000 0
229.5000 1
230.0000 0
230.5000 2
231.0000 2
231.5000 2
232.0000 3
232.5000 2
233.0000 2
233.5000 4
234.0000 6
234.5000 3
235.0000 5
235.5000 6
236.0000 2
236.5000 5
237.0000 10
237.5000 5
238.0000 2
238.5000 3
239.0000 2
239.5000 4
240.0000 3
240.5000 2
241.0000 1
241.5000 11
242.0000 9
242.5000 12
243.0000 6
243.5000 4
244.0000 8
244.5000 5
245.0000 5
245.5000 5
246.0000 11
246.5000 8
247.0000 9
247.5000 10
248.0000 11
248.5000 8
249.0000 10
249.5000 10
250.0000 11
250.5000 14
251.0000 8
251.5000 8
252.0000 13
252.5000 9
253.0000 7
253.5000 13
254.0000 19
254.5000 11
255.0000 20
255.5000 21
256.0000 5
256.5000 14
257.0000 9
257.5000 17
258.0000 11
258.5000 13
259.0000 14
259.5000 14
260.0000 18
260.5000 12
261.0000 6
261.5000 9
262.0000 16
262.5000 21
263.0000 24
263.5000 22
264.0000 20
264.5000 15
265.0000 17
265.5000 22
266.0000 27
266.5000 27
267.0000 22
267.5000 32
268.0000 30
268.5000 19
269.0000 23
269.5000 32
270.0000 29
270.5000 41
271.0000 25
271.5000 33
272.0000 35
272.5000 20
273.0000 42
273.5000 29
274.0000 32
274.5000 25
275.0000 35
275.5000 32
276.0000 38
276.5000 34
277.0000 38
277.5000 47
278.0000 51
278.5000 44
279.0000 45
279.5000 59
280.0000 50
280.5000 42
281.0000 58
281.5000 68
282.0000 60
282.5000 72
283.0000 62
283.5000 59
284.0000 69
284.5000 52
285.0000 66
285.5000 73
286.0000 76
286.5000 76
287.0000 56
287.5000 63
288.0000 90
288.5000 56
289.0000 79
289.5000 83
290.0000 84
290.5000 79
291.0000 93
291.5000 80
292.0000 95
292.5000 90
293.0000 96
293.5000 97
294.0000 116
294.5000 89
295.0000 106
295.5000 104
296.0000 117
296.5000 117
297.0000 126
297.5000 128
298.0000 114
298.5000 100
299.0000 116
299.5000 124
300.0000 130
300.5000 131
301.0000 126
301.5000 124
302.0000 167
302.5000 128
303.0000 145
303.5000 137
304.0000 134
304.5000 130
305.0000 156
305.5000 159
306.0000 160
306.5000 164
307.0000 151
307.5000 151
308.0000 155
308.5000 151
309.0000 154
309.5000 185
310.0000 169
310.5000 140
311.0000 183
311.5000 175
312.0000 184
312.5000 176
313.0000 185
313.5000 172
314.0000 189
314.5000 189
315.0000 192
315.5000 179
316.0000 191
316.5000 194
317.0000 205
317.5000 191
318.0000 207
318.5000 186
319.0000 202
319.5000 180
320.0000 192
320.5000 176
321.0000 203
321.5000 179
322.0000 206
322.5000 181
323.0000 215
323.5000 194
324.0000 195
324.5000 189
325.0000 206
325.5000 191
326.0000 198
326.5000 188
327.0000 173
327.5000 215
328.0000 203
328.5000 194
329.0000 209
329.5000 212
330.0000 212
330.5000 201
331.0000 189
331.5000 201
332.0000 202
332.5000 221
333.0000 192
333.5000 217
334.0000 231
334.5000 207
335.0000 201
335.5000 214
336.0000 204
336.5000 194
337.0000 181
337.5000 214
338.0000 234
338.5000 210
339.0000 217
339.5000 203
340.0000 215
340.5000 165
341.0000 1
341.5000 1
342.0000 0
342.5000 4
343.0000 0
343.5000 0
344.0000 1
344.5000 0
345.0000 0
345.5000 0
346.0000 0
346.5000 0
347.0000 1
347.5000 0
348.0000 0
348.5000 1
349.0000 0
349.5000 1
