0.0000 0
0.5000 0
1.0000 1
1.5000 1
2.0000 0
2.5000 0
3.0000 0
3.5000 0
4.0000 0
4.5000 3
5.0000 0
5.5000 0
6.0000 0
6.5000 1
7.0000 2
7.5000 1
8.0000 0
8.5000 0
9.0000 0
9.5000 0
10.0000 0
10.5000 2
11.0000 1
11.5000 0
12.0000 0
12.5000 2
13.0000 1
13.5000 4
14.0000 0
14.5000 2
15.0000 0
15.5000 2
16.0000 0
16.5000 0
17.0000 2
17.5000 2
18.0000 1
18.5000 1
19.0000 1
19.5000 3
20.0000 1
20.5000 1
21.0000 0
21.5000 1
22.0000 3
22.5000 0
23.0000 1
23.5000 2
24.0000 2
24.5000 1
25.0000 4
25.5000 0
26.0000 1
26.5000 1
27.0000 3
27.5000 3
28.0000 1
28.5000 2
29.0000 2
29.5000 2
30.0000 7
30.5000 5
31.0000 2
31.5000 1
32.0000 1
32.5000 4
33.0000 4
33.5000 5
34.0000 4
34.5000 4
35.0000 1
35.5000 5
36.0000 4
36.5000 4
37.0000 6
37.5000 7
38.0000 8
38.5000 9
39.0000 12
39.5000 13
40.0000 5
40.5000 8
41.0000 5
41.5000 12
42.0000 11
42.5000 16
43.0000 17
43.5000 9
44.0000 21
44.5000 24
45.0000 19
45.5000 22
46.0000 24
46.5000 14
47.0000 37
47.5000 27
48.0000 26
48.5000 36
49.0000 27
49.5000 34
50.0000 49
50.5000 38
51.0000 54
51.5000 46
52.0000 67
52.5000 65
53.0000 67
53.5000 77
54.0000 78
54.5000 80
55.0000 75
55.5000 77
56.0000 90
56.5000 96
57.0000 112
57.5000 100
58.0000 103
58.5000 114
59.0000 136
59.5000 145
60.0000 144
60.5000 120
61.0000 146
61.5000 168
62.0000 157
62.5000 160
63.0000 162
63.5000 170
64.0000 187
64.5000 208
65.0000 221
65.5000 208
66.0000 208
66.5000 201
67.0000 236
67.5000 258
68.0000 270
68.5000 258
69.0000 226
69.5000 256
70.0000 260
70.5000 245
71.0000 266
71.5000 257
72.0000 283
72.5000 269
73.0000 303
73.5000 293
74.0000 315
74.5000 330
75.0000 293
75.5000 322
76.0000 313
76.5000 338
77.0000 319
77.5000 304
78.0000 326
78.5000 341
79.0000 351
79.5000 316
80.0000 316
80.5000 374
81.0000 373
81.5000 374
82.0000 331
82.5000 376
83.0000 395
83.5000 360
84.0000 385
84.5000 376
85.0000 406
85.5000 373
86.0000 399
86.5000 421
87.0000 384
87.5000 403
88.0000 396
88.5000 367
89.0000 373
89.5000 425
90.0000 405
90.5000 429
91.0000 400
91.5000 405
92.0000 397
92.5000 440
93.0000 433
93.5000 428
94.0000 436
94.5000 434
95.0000 478
95.5000 467
96.0000 450
96.5000 453
97.0000 434
97.5000 447
98.0000 423
98.5000 463
99.0000 498
99.5000 454
100.0000 442
100.5000 448
101.0000 445
101.5000 465
102.0000 458
102.5000 478
103.0000 453
103.5000 494
104.0000 488
104.5000 477
105.0000 480
105.5000 433
106.0000 461
106.5000 477
107.0000 484
107.5000 463
108.0000 509
108.5000 460
109.0000 474
109.5000 469
110.0000 464
110.5000 471
111.0000 479
111.5000 461
112.0000 458
112.5000 474
113.0000 500
113.5000 451
114.0000 474
114.5000 461
115.0000 479
115.5000 474
116.0000 518
116.5000 498
117.0000 465
117.5000 479
118.0000 490
118.5000 487
119.0000 461
119.5000 481
120.0000 479
120.5000 490
121.0000 483
121.5000 461
122.0000 475
122.5000 479
123.0000 467
123.5000 465
124.0000 486
124.5000 484
125.0000 508
125.5000 496
126.0000 513
126.5000 472
127.0000 498
127.5000 503
128.0000 507
128.5000 527
129.0000 473
129.5000 469
130.0000 530
130.5000 487
131.0000 506
131.5000 510
132.0000 490
132.5000 480
133.0000 488
133.5000 482
134.0000 509
134.5000 484
135.0000 474
135.5000 548
136.0000 524
136.5000 521
137.0000 521
137.5000 524
138.0000 524
138.5000 539
139.0000 532
139.5000 523
140.0000 511
140.5000 493
141.0000 465
141.5000 479
142.0000 534
142.5000 526
143.0000 542
143.5000 518
144.0000 508
144.5000 537
145.0000 505
145.5000 534
146.0000 485
146.5000 539
147.0000 531
147.5000 547
148.0000 536
148.5000 540
149.0000 511
149.5000 506
150.0000 549
150.5000 546
151.0000 503
151.5000 529
152.0000 499
152.5000 535
153.0000 482
153.5000 523
154.0000 523
154.5000 573
155.0000 554
155.5000 545
156.0000 540
156.5000 580
157.0000 555
157.5000 523
158.0000 572
158.5000 558
159.0000 548
159.5000 564
160.0000 521
160.5000 434
161.0000 0
161.5000 0
162.0000 0
162.5000 0
163.0000 0
163.5000 1
164.0000 1
164.5000 0
165.0000 1
165.5000 1
166.0000 0
166.5000 0
167.0000 0
167.5000 1
168.0000 0
168.5000 1
169.0000 1
169.5000 0
170.0000 0
170.5000 0
171.0000 0
171.5000 1
172.0000 0
172.5000 0
173.0000 2
173.5000 0
174.0000 1
174.5000 0
175.0000 0
175.5000 0
176.0000 0
176.5000 1
177.0000 0
177.5000 1
178.0000 1
178.5000 1
179.0000 0
179.5000 0
180.0000 0
180.5000 0
181.0000 2
181.5000 0
182.0000 0
182.5000 0
183.0000 1
183.5000 0
184.0000 0
184.5000 0
185.0000 0
185.5000 1
186.0000 0
186.5000 1
187.0000 2
187.5000 0
188.0000 1
188.5000 0
189.0000 0
189.5000 1
190.0000 1
190.5000 1
191.0000 3
191.5000 2
192.0000 0
192.5000 1
193.0000 0
193.5000 1
194.0000 1
194.5000 0
195.0000 0
195.5000 0
196.0000 2
196.5000 0
197.0000 0
197.5000 1
198.0000 1
198.5000 1
199.0000 0
199.5000 0
200.0000 4
200.5000 1
201.0000 0
201.5000 1
202.0000 1
202.5000 3
203.0000 2
203.5000 2
204.0000 3
204.5000 2
205.0000 2
205.5000 1
206.0000 0
206.5000 1
207.0000 3
207.5000 2
208.0000 2
208.5000 2
209.0000 3
209.5000 2
210.0000 6
210.5000 3
211.0000 2
211.5000 9
212.0000 5
212.5000 2
213.0000 8
213.5000 4
214.0000 5
214.5000 7
215.0000 6
215.5000 11
216.0000 10
216.5000 6
217.0000 5
217.5000 6
218.0000 8
218.5000 5
219.0000 12
219.5000 12
220.0000 3
220.5000 14
221.0000 7
221.5000 17
222.0000 13
222.5000 10
223.0000 12
223.5000 21
224.0000 19
224.5000 18
225.0000 20
225.5000 24
226.0000 22
226.5000 28
227.0000 30
227.5000 32
228.0000 30
228.5000 37
229.0000 29
229.5000 36
230.0000 50
230.5000 45
231.0000 43
231.5000 44
232.0000 55
232.5000 61
233.0000 57
233.5000 78
234.0000 67
234.5000 78
235.0000 80
235.5000 83
236.0000 91
236.5000 91
237.0000 90
237.5000 97
238.0000 114
238.5000 110
239.0000 131
239.5000 135
240.0000 116
240.5000 142
241.0000 143
241.5000 164
242.0000 147
242.5000 186
243.0000 186
243.5000 183
244.0000 193
244.5000 181
245.0000 205
245.5000 199
246.0000 213
246.5000 185
247.0000 204
247.5000 207
248.0000 235
248.5000 226
249.0000 224
249.5000 241
250.0000 241
250.5000 269
251.0000 277
251.5000 238
252.0000 263
252.5000 245
253.0000 272
253.5000 258
254.0000 298
254.5000 341
255.0000 284
255.5000 287
256.0000 294
256.5000 316
257.0000 321
257.5000 306
258.0000 329
258.5000 318
259.0000 302
259.5000 349
260.0000 338
260.5000 340
261.0000 336
261.5000 352
262.0000 363
262.5000 351
263.0000 349
263.5000 345
264.0000 381
264.5000 350
265.0000 336
265.5000 341
266.0000 383
266.5000 387
267.0000 381
267.5000 362
268.0000 335
268.5000 375
269.0000 371
269.5000 409
270.0000 395
270.5000 421
271.0000 401
271.5000 437
272.0000 391
272.5000 424
273.0000 466
273.5000 383
274.0000 438
274.5000 445
275.0000 419
275.5000 454
276.0000 406
276.5000 420
277.0000 424
277.5000 453
278.0000 489
278.5000 418
279.0000 445
279.5000 480
280.0000 457
280.5000 510
281.0000 443
281.5000 465
282.0000 475
282.5000 416
283.0000 466
283.5000 439
284.0000 495
284.5000 477
285.0000 485
285.5000 426
286.0000 499
286.5000 465
287.0000 489
287.5000 472
288.0000 469
288.5000 486
289.0000 487
289.5000 503
290.0000 473
290.5000 470
291.0000 460
291.5000 499
292.0000 489
292.5000 480
293.0000 439
293.5000 472
294.0000 448
294.5000 491
295.0000 502
295.5000 486
296.0000 428
296.5000 454
297.0000 454
297.5000 429
298.0000 474
298.5000 477
299.0000 464
299.5000 490
300.0000 517
300.5000 501
301.0000 492
301.5000 482
302.0000 499
302.5000 489
303.0000 497
303.5000 492
304.0000 482
304.5000 497
305.0000 488
305.5000 514
306.0000 510
306.5000 512
307.0000 478
307.5000 514
308.0000 476
308.5000 462
309.0000 490
309.5000 502
310.0000 485
310.5000 498
311.0000 475
311.5000 486
312.0000 461
312.5000 459
313.0000 454
313.5000 499
314.0000 475
314.5000 473
315.0000 490
315.5000 481
316.0000 500
316.5000 490
317.0000 466
317.5000 494
318.0000 540
318.5000 523
319.0000 499
319.5000 501
320.0000 489
320.5000 485
321.0000 534
321.5000 494
322.0000 498
322.5000 535
323.0000 561
323.5000 507
324.0000 509
324.5000 499
325.0000 523
325.5000 533
326.0000 491
326.5000 523
327.0000 535
327.5000 522
328.0000 518
328.5000 503
329.0000 532
329.5000 521
330.0000 466
330.5000 575
331.0000 510
331.5000 478
332.0000 550
332.5000 565
333.0000 489
333.5000 512
334.0000 529
334.5000 514
335.0000 491
335.5000 552
336.0000 505
336.5000 549
337.0000 509
337.5000 538
338.0000 530
338.5000 561
339.0000 604
339.5000 587
340.0000 543
340.5000 406
341.0000 0
341.5000 0
342.0000 1
342.5000 2
343.0000 0
343.5000 1
344.0000 0
344.5000 1
345.0000 1
345.5000 0
346.0000 0
346.5000 0
347.0000 0
347.5000 0
348.0000 0
348.5000 0
349.0000 0
349.5000 0
