0.0000 0
0.5000 0
1.0000 0
1.5000 1
2.0000 0
2.5000 0
3.0000 1
3.5000 0
4.0000 0
4.5000 1
5.0000 2
5.5000 0
6.0000 0
6.5000 0
7.0000 1
7.5000 0
8.0000 0
8.5000 0
9.0000 2
9.5000 1
10.0000 0
10.5000 1
11.0000 1
11.5000 0
12.0000 0
12.5000 0
13.0000 0
13.5000 0
14.0000 0
14.5000 2
15.0000 1
15.5000 1
16.0000 2
16.5000 1
17.0000 0
17.5000 0
18.0000 1
18.5000 2
19.0000 0
19.5000 2
20.0000 2
20.5000 1
21.0000 1
21.5000 2
22.0000 3
22.5000 2
23.0000 3
23.5000 4
24.0000 1
24.5000 0
25.0000 1
25.5000 1
26.0000 8
26.5000 2
27.0000 3
27.5000 1
28.0000 6
28.5000 7
29.0000 4
29.5000 9
30.0000 2
30.5000 4
31.0000 7
31.5000 6
32.0000 4
32.5000 4
33.0000 7
33.5000 6
34.0000 7
34.5000 10
35.0000 18
35.5000 14
36.0000 11
36.5000 12
37.0000 15
37.5000 17
38.0000 16
38.5000 14
39.0000 12
39.5000 23
40.0000 24
40.5000 26
41.0000 24
41.5000 23
42.0000 24
42.5000 19
43.0000 29
43.5000 33
44.0000 36
44.5000 36
45.0000 50
45.5000 35
46.0000 40
46.5000 51
47.0000 57
47.5000 54
48.0000 64
48.5000 67
49.0000 67
49.5000 71
50.0000 82
50.5000 78
51.0000 81
51.5000 101
52.0000 102
52.5000 103
53.0000 98
53.5000 107
54.0000 123
54.5000 117
55.0000 132
55.5000 129
56.0000 138
56.5000 144
57.0000 150
57.5000 180
58.0000 127
58.5000 163
59.0000 192
59.5000 169
60.0000 205
60.5000 189
61.0000 183
61.5000 196
62.0000 202
62.5000 190
63.0000 215
63.5000 192
64.0000 232
64.5000 228
65.0000 179
65.5000 204
66.0000 200
66.5000 188
67.0000 236
67.5000 225
68.0000 219
68.5000 227
69.0000 248
69.5000 239
70.0000 253
70.5000 265
71.0000 257
71.5000 268
72.0000 244
72.5000 271
73.0000 248
73.5000 256
74.0000 254
74.5000 256
75.0000 263
75.5000 263
76.0000 234
76.5000 283
77.0000 285
77.5000 294
78.0000 287
78.5000 279
79.0000 281
79.5000 275
80.0000 289
80.5000 278
81.0000 290
81.5000 256
82.0000 279
82.5000 276
83.0000 243
83.5000 307
84.0000 308
84.5000 307
85.0000 282
85.5000 319
86.0000 295
86.5000 316
87.0000 337
87.5000 357
88.0000 308
88.5000 303
89.0000 300
89.5000 315
90.0000 323
90.5000 325
91.0000 318
91.5000 284
92.0000 331
92.5000 331
93.0000 333
93.5000 326
94.0000 332
94.5000 346
95.0000 307
95.5000 327
96.0000 326
96.5000 337
97.0000 335
97.5000 328
98.0000 305
98.5000 345
99.0000 312
99.5000 320
100.0000 317
100.5000 351
101.0000 336
101.5000 337
102.0000 341
102.5000 356
103.0000 357
103.5000 366
104.0000 335
104.5000 349
105.0000 362
105.5000 342
106.0000 335
106.5000 345
107.0000 359
107.5000 366
108.0000 305
108.5000 354
109.0000 361
109.5000 338
110.0000 362
110.5000 373
111.0000 369
111.5000 342
112.0000 350
112.5000 338
113.0000 340
113.5000 361
114.0000 332
114.5000 346
115.0000 378
115.5000 327
116.0000 366
116.5000 361
117.0000 330
117.5000 367
118.0000 350
118.5000 353
119.0000 369
119.5000 376
120.0000 369
120.5000 330
121.0000 366
121.5000 360
122.0000 370
122.5000 382
123.0000 357
123.5000 368
124.0000 396
124.5000 367
125.0000 381
125.5000 381
126.0000 361
126.5000 391
127.0000 378
127.5000 369
128.0000 342
128.5000 350
129.0000 423
129.5000 416
130.0000 358
130.5000 414
131.0000 437
131.5000 388
132.0000 409
132.5000 396
133.0000 407
133.5000 409
134.0000 386
134.5000 395
135.0000 426
135.5000 382
136.0000 385
136.5000 393
137.0000 410
137.5000 380
138.0000 410
138.5000 379
139.0000 372
139.5000 402
140.0000 373
140.5000 398
141.0000 414
141.5000 392
142.0000 418
142.5000 379
143.0000 390
143.5000 406
144.0000 435
144.5000 402
145.0000 407
145.5000 427
146.0000 417
146.5000 404
147.0000 400
147.5000 398
148.0000 385
148.5000 406
149.0000 430
149.5000 420
150.0000 382
150.5000 385
151.0000 399
151.5000 428
152.0000 425
152.5000 447
153.0000 458
153.5000 413
154.0000 435
154.5000 428
155.0000 434
155.5000 446
156.0000 435
156.5000 412
157.0000 441
157.5000 443
158.0000 388
158.5000 456
159.0000 444
159.5000 483
160.0000 426
160.5000 325
161.0000 0
161.5000 1
162.0000 1
162.5000 2
163.0000 0
163.5000 0
164.0000 1
164.5000 1
165.0000 0
165.5000 0
166.0000 0
166.5000 0
167.0000 1
167.5000 1
168.0000 0
168.5000 0
169.0000 0
169.5000 1
170.0000 0
170.5000 0
171.0000 0
171.5000 1
172.0000 0
172.5000 0
173.0000 0
173.5000 2
174.0000 1
174.5000 0
175.0000 0
175.5000 1
176.0000 1
176.5000 0
177.0000 2
177.5000 1
178.0000 0
178.5000 1
179.0000 1
179.5000 1
180.0000 0
180.5000 0
181.0000 1
181.5000 0
182.0000 0
182.5000 1
183.0000 1
183.5000 1
184.0000 1
184.5000 0
185.0000 0
185.5000 1
186.0000 1
186.5000 0
187.0000 2
187.5000 1
188.0000 0
188.5000 1
189.0000 0
189.5000 2
190.0000 0
190.5000 1
191.0000 2
191.5000 2
192.0000 1
192.5000 1
193.0000 1
193.5000 2
194.0000 1
194.5000 0
195.0000 0
195.5000 1
196.0000 2
196.5000 1
197.0000 3
197.5000 1
198.0000 3
198.5000 1
199.0000 1
199.5000 2
200.0000 0
200.5000 0
201.0000 1
201.5000 3
202.0000 0
202.5000 0
203.0000 1
203.5000 2
204.0000 4
204.5000 2
205.0000 0
205.5000 1
206.0000 6
206.5000 3
207.0000 5
207.5000 2
208.0000 5
208.5000 4
209.0000 0
209.5000 5
210.0000 4
210.5000 5
211.0000 9
211.5000 5
212.0000 7
212.5000 5
213.0000 8
213.5000 8
214.0000 5
214.5000 2
215.0000 9
215.5000 14
216.0000 12
216.5000 13
217.0000 13
217.5000 13
218.0000 15
218.5000 14
219.0000 15
219.5000 17
220.0000 25
220.5000 19
221.0000 22
221.5000 21
222.0000 21
222.5000 26
223.0000 29
223.5000 41
224.0000 39
224.5000 31
225.0000 28
225.5000 42
226.0000 38
226.5000 34
227.0000 46
227.5000 41
228.0000 52
228.5000 69
229.0000 73
229.5000 62
230.0000 70
230.5000 83
231.0000 96
231.5000 69
232.0000 85
232.5000 89
233.0000 102
233.5000 108
234.0000 120
234.5000 98
235.0000 120
235.5000 111
236.0000 126
236.5000 127
237.0000 149
237.5000 148
238.0000 177
238.5000 140
239.0000 175
239.5000 166
240.0000 177
240.5000 205
241.0000 191
241.5000 206
242.0000 188
242.5000 174
243.0000 208
243.5000 222
244.0000 187
244.5000 201
245.0000 201
245.5000 209
246.0000 216
246.5000 226
247.0000 211
247.5000 233
248.0000 241
248.5000 227
249.0000 236
249.5000 260
250.0000 252
250.5000 256
251.0000 246
251.5000 259
252.0000 246
252.5000 240
253.0000 253
253.5000 238
254.0000 214
254.5000 249
255.0000 268
255.5000 249
256.0000 270
256.5000 266
257.0000 229
257.5000 262
258.0000 267
258.5000 264
259.0000 262
259.5000 306
260.0000 276
260.5000 286
261.0000 270
261.5000 303
262.0000 284
262.5000 256
263.0000 271
263.5000 269
264.0000 305
264.5000 282
265.0000 280
265.5000 278
266.0000 288
266.5000 284
267.0000 276
267.5000 264
268.0000 316
268.5000 280
269.0000 310
269.5000 284
270.0000 338
270.5000 323
271.0000 326
271.5000 314
272.0000 301
272.5000 314
273.0000 308
273.5000 277
274.0000 318
274.5000 344
275.0000 319
275.5000 330
276.0000 340
276.5000 341
277.0000 344
277.5000 329
278.0000 330
278.5000 320
279.0000 317
279.5000 324
280.0000 336
280.5000 316
281.0000 286
281.5000 303
282.0000 306
282.5000 335
283.0000 297
283.5000 304
284.0000 327
284.5000 302
285.0000 299
285.5000 320
286.0000 343
286.5000 310
287.0000 328
287.5000 307
288.0000 293
288.5000 336
289.0000 335
289.5000 339
290.0000 312
290.5000 308
291.0000 357
291.5000 325
292.0000 321
292.5000 355
293.0000 349
293.5000 334
294.0000 324
294.5000 347
295.0000 341
295.5000 355
296.0000 332
296.5000 357
297.0000 334
297.5000 297
298.0000 324
298.5000 341
299.0000 347
299.5000 358
300.0000 358
300.5000 352
301.0000 357
301.5000 340
302.0000 318
302.5000 332
303.0000 351
303.5000 361
304.0000 366
304.5000 360
305.0000 330
305.5000 355
306.0000 330
306.5000 379
307.0000 389
307.5000 368
308.0000 347
308.5000 324
309.0000 359
309.5000 373
310.0000 382
310.5000 350
311.0000 364
311.5000 380
312.0000 338
312.5000 391
313.0000 355
313.5000 362
314.0000 346
314.5000 358
315.0000 377
315.5000 367
316.0000 377
316.5000 397
317.0000 372
317.5000 388
318.0000 378
318.5000 396
319.0000 388
319.5000 340
320.0000 405
320.5000 371
321.0000 404
321.5000 365
322.0000 372
322.5000 405
323.0000 359
323.5000 410
324.0000 361
324.5000 384
325.0000 396
325.5000 388
326.0000 361
326.5000 400
327.0000 402
327.5000 359
328.0000 384
328.5000 385
329.0000 406
329.5000 394
330.0000 408
330.5000 403
331.0000 410
331.5000 449
332.0000 430
332.5000 404
333.0000 420
333.5000 397
334.0000 407
334.5000 383
335.0000 393
335.5000 413
336.0000 404
336.5000 379
337.0000 424
337.5000 421
338.0000 380
338.5000 426
339.0000 398
339.5000 471
340.0000 451
340.5000 358
341.0000 1
341.5000 0
342.0000 1
342.5000 0
343.0000 1
343.5000 0
344.0000 1
344.5000 0
345.0000 1
345.5000 1
346.0000 0
346.5000 1
347.0000 1
347.5000 1
348.0000 0
348.5000 0
349.0000 2
349.5000 2
