0.0000 0
0.5000 0
1.0000 1
1.5000 0
2.0000 0
2.5000 0
3.0000 0
3.5000 0
4.0000 0
4.5000 0
5.0000 1
5.5000 0
6.0000 0
6.5000 0
7.0000 0
7.5000 0
8.0000 0
8.5000 1
9.0000 0
9.5000 0
10.0000 0
10.5000 0
11.0000 0
11.5000 0
12.0000 0
12.5000 0
13.0000 1
13.5000 0
14.0000 0
14.5000 2
15.0000 0
15.5000 0
16.0000 0
16.5000 0
17.0000 0
17.5000 0
18.0000 0
18.5000 1
19.0000 0
19.5000 0
20.0000 0
20.5000 3
21.0000 0
21.5000 0
22.0000 0
22.5000 1
23.0000 0
23.5000 0
24.0000 0
24.5000 0
25.0000 0
25.5000 0
26.0000 0
26.5000 0
27.0000 1
27.5000 0
28.0000 1
28.5000 0
29.0000 1
29.5000 0
30.0000 1
30.5000 0
31.0000 1
31.5000 0
32.0000 0
32.5000 2
33.0000 1
33.5000 0
34.0000 0
34.5000 0
35.0000 1
35.5000 0
36.0000 0
36.5000 1
37.0000 1
37.5000 0
38.0000 0
38.5000 0
39.0000 1
39.5000 0
40.0000 0
40.5000 0
41.0000 1
41.5000 1
42.0000 0
42.5000 2
43.0000 1
43.5000 0
44.0000 0
44.5000 0
45.0000 0
45.5000 2
46.0000 0
46.5000 1
47.0000 0
47.5000 0
48.0000 0
48.5000 4
49.0000 0
49.5000 0
50.0000 1
50.5000 1
51.0000 0
51.5000 0
52.0000 4
52.5000 0
53.0000 0
53.5000 2
54.0000 3
54.5000 4
55.0000 4
55.5000 2
56.0000 1
56.5000 2
57.0000 0
57.5000 2
58.0000 0
58.5000 3
59.0000 1
59.5000 3
60.0000 2
60.5000 5
61.0000 2
61.5000 1
62.0000 4
62.5000 6
63.0000 7
63.5000 6
64.0000 5
64.5000 5
65.0000 2
65.5000 4
66.0000 2
66.5000 4
67.0000 6
67.5000 2
68.0000 3
68.5000 7
69.0000 5
69.5000 5
70.0000 6
70.5000 7
71.0000 12
71.5000 4
72.0000 5
72.5000 8
73.0000 9
73.5000 6
74.0000 4
74.5000 7
75.0000 9
75.5000 7
76.0000 5
76.5000 11
77.0000 4
77.5000 10
78.0000 3
78.5000 8
79.0000 4
79.5000 11
80.0000 4
80.5000 9
81.0000 5
81.5000 12
82.0000 7
82.5000 9
83.0000 12
83.5000 11
84.0000 7
84.5000 10
85.0000 10
85.5000 10
86.0000 7
86.5000 9
87.0000 18
87.5000 5
88.0000 7
88.5000 13
89.0000 15
89.5000 14
90.0000 11
90.5000 14
91.0000 18
91.5000 15
92.0000 12
92.5000 19
93.0000 11
93.5000 10
94.0000 9
94.5000 15
95.0000 14
95.5000 13
96.0000 14
96.5000 11
97.0000 20
97.5000 14
98.0000 20
98.5000 19
99.0000 21
99.5000 15
100.0000 17
100.5000 22
101.0000 15
101.5000 19
102.0000 13
102.5000 14
103.0000 12
103.5000 26
104.0000 20
104.5000 24
105.0000 19
105.5000 20
106.0000 20
106.5000 13
107.0000 14
107.5000 20
108.0000 18
108.5000 17
109.0000 22
109.5000 19
110.0000 18
110.5000 14
111.0000 16
111.5000 18
112.0000 18
112.5000 19
113.0000 19
113.5000 18
114.0000 12
114.5000 13
115.0000 19
115.5000 30
116.0000 26
116.5000 18
117.0000 20
117.5000 32
118.0000 13
118.5000 21
119.0000 21
119.5000 14
120.0000 20
120.5000 25
121.0000 25
121.5000 23
122.0000 22
122.5000 17
123.0000 24
123.5000 25
124.0000 19
124.5000 25
125.0000 23
125.5000 23
126.0000 29
126.5000 22
127.0000 24
127.5000 14
128.0000 22
128.5000 21
129.0000 29
129.5000 15
130.0000 26
130.5000 20
131.0000 28
131.5000 20
132.0000 26
132.5000 20
133.0000 31
133.5000 25
134.0000 25
134.5000 25
135.0000 19
135.5000 30
136.0000 20
136.5000 20
137.0000 25
137.5000 26
138.0000 14
138.5000 35
139.0000 19
139.5000 28
140.0000 23
140.5000 27
141.0000 30
141.5000 23
142.0000 30
142.5000 32
143.0000 28
143.5000 28
144.0000 28
144.5000 35
145.0000 35
145.5000 23
146.0000 22
146.5000 30
147.0000 22
147.5000 24
148.0000 34
148.5000 34
149.0000 29
149.5000 38
150.0000 25
150.5000 27
151.0000 29
151.5000 20
152.0000 34
152.5000 23
153.0000 25
153.5000 28
154.0000 26
154.5000 19
155.0000 24
155.5000 32
156.0000 27
156.5000 21
157.0000 20
157.5000 30
158.0000 31
158.5000 28
159.0000 29
159.5000 32
160.0000 34
160.5000 21
161.0000 1
161.5000 1
162.0000 0
162.5000 0
163.0000 0
163.5000 0
164.0000 0
164.5000 0
165.0000 1
165.5000 0
166.0000 0
166.5000 0
167.0000 0
167.5000 1
168.0000 0
168.5000 0
169.0000 1
169.5000 0
170.0000 0
170.5000 0
171.0000 0
171.5000 1
172.0000 0
172.5000 0
173.0000 0
173.5000 0
174.0000 0
174.5000 0
175.0000 0
175.5000 0
176.0000 0
176.5000 0
177.0000 0
177.5000 0
178.0000 0
178.5000 0
179.0000 0
179.5000 0
180.0000 0
180.5000 0
181.0000 0
181.5000 0
182.0000 0
182.5000 0
183.0000 0
183.5000 0
184.0000 0
184.5000 1
185.0000 0
185.5000 0
186.0000 0
186.5000 0
187.0000 0
187.5000 0
188.0000 0
188.5000 0
189.0000 0
189.5000 0
190.0000 0
190.5000 0
191.0000 2
191.5000 0
192.0000 1
192.5000 1
193.0000 1
193.5000 0
194.0000 0
194.5000 1
195.0000 1
195.5000 2
196.0000 0
196.5000 0
197.0000 0
197.5000 0
198.0000 0
198.5000 0
199.0000 0
199.5000 0
200.0000 0
200.5000 0
201.0000 0
201.5000 0
202.0000 0
202.5000 0
203.0000 1
203.5000 1
204.0000 0
204.5000 0
205.0000 1
205.5000 1
206.0000 0
206.5000 0
207.0000 0
207.5000 0
208.0000 0
208.5000 0
209.0000 0
209.5000 2
210.0000 0
210.5000 0
211.0000 0
211.5000 0
212.0000 0
212.5000 0
213.0000 0
213.5000 1
214.0000 0
214.5000 2
215.0000 1
215.5000 0
216.0000 1
216.5000 0
217.0000 1
217.5000 2
218.0000 0
218.5000 1
219.0000 1
219.5000 1
220.0000 0
220.5000 0
221.0000 2
221.5000 1
222.0000 2
222.5000 4
223.0000 2
223.5000 0
224.0000 4
224.5000 0
225.0000 0
225.5000 1
226.0000 2
226.5000 3
227.0000 3
227.5000 3
228.0000 0
228.5000 4
229.0000 2
229.5000 6
230.0000 3
230.5000 5
231.0000 2
231.5000 4
232.0000 3
232.5000 3
233.0000 5
233.5000 2
234.0000 3
234.5000 0
235.0000 3
235.5000 3
236.0000 6
236.5000 6
237.0000 2
237.5000 6
238.0000 6
238.5000 6
239.0000 7
239.5000 5
240.0000 8
240.5000 11
241.0000 11
241.5000 7
242.0000 3
242.5000 9
243.0000 10
243.5000 7
244.0000 8
244.5000 5
245.0000 4
245.5000 9
246.0000 9
246.5000 6
247.0000 11
247.5000 6
248.0000 11
248.5000 7
249.0000 7
249.5000 10
250.0000 7
250.5000 12
251.0000 6
251.5000 11
252.0000 13
252.5000 13
253.0000 13
253.5000 13
254.0000 8
254.5000 17
255.0000 12
255.5000 4
256.0000 15
256.5000 3
257.0000 8
257.5000 8
258.0000 10
258.5000 19
259.0000 15
259.5000 9
260.0000 13
260.5000 17
261.0000 10
261.5000 20
262.0000 5
262.5000 11
263.0000 13
263.5000 11
264.0000 17
264.5000 5
265.0000 12
265.5000 8
266.0000 19
266.5000 14
267.0000 18
267.5000 13
268.0000 7
268.5000 18
269.0000 14
269.5000 19
270.0000 18
270.5000 18
271.0000 15
271.5000 10
272.0000 16
272.5000 26
273.0000 15
273.5000 19
274.0000 8
274.5000 15
275.0000 15
275.5000 22
276.0000 11
276.5000 22
277.0000 24
277.5000 25
278.0000 15
278.5000 19
279.0000 21
279.5000 16
280.0000 9
280.5000 17
281.0000 21
281.5000 19
282.0000 23
282.5000 16
283.0000 17
283.5000 10
284.0000 28
284.5000 21
285.0000 16
285.5000 10
286.0000 22
286.5000 17
287.0000 18
287.5000 19
288.0000 18
288.5000 23
289.0000 25
289.5000 19
290.0000 18
290.5000 25
291.0000 21
291.5000 28
292.0000 20
292.5000 22
293.0000 22
293.5000 18
294.0000 24
294.5000 16
295.0000 26
295.5000 20
296.0000 20
296.5000 22
297.0000 25
297.5000 27
298.0000 23
298.5000 14
299.0000 37
299.5000 26
300.0000 22
300.5000 28
301.0000 19
301.5000 17
302.0000 18
302.5000 26
303.0000 24
303.5000 29
304.0000 16
304.5000 25
305.0000 12
305.5000 21
306.0000 25
306.5000 18
307.0000 36
307.5000 30
308.0000 13
308.5000 29
309.0000 22
309.5000 16
310.0000 25
310.5000 25
311.0000 18
311.5000 29
312.0000 25
312.5000 23
313.0000 22
313.5000 24
314.0000 21
314.5000 24
315.0000 28
315.5000 21
316.0000 27
316.5000 33
317.0000 28
317.5000 25
318.0000 24
318.5000 21
319.0000 30
319.5000 24
320.0000 30
320.5000 21
321.0000 19
321.5000 24
322.0000 34
322.5000 27
323.0000 27
323.5000 35
324.0000 22
324.5000 31
325.0000 21
325.5000 42
326.0000 30
326.5000 30
327.0000 30
327.5000 30
328.0000 25
328.5000 25
329.0000 27
329.5000 32
330.0000 18
330.5000 27
331.0000 0
331.5000 1
332.0000 1
332.5000 0
333.0000 0
333.5000 0
334.0000 1
334.5000 0
335.0000 0
335.5000 0
336.0000 0
336.5000 0
337.0000 0
337.5000 0
338.0000 0
338.5000 0
339.0000 0
339.5000 0
340.0000 0
340.5000 0
341.0000 1
341.5000 0
342.0000 0
342.5000 0
343.0000 0
343.5000 1
344.0000 0
344.5000 2
345.0000 0
345.5000 0
346.0000 0
346.5000 0
347.0000 1
347.5000 0
348.0000 0
348.5000 0
349.0000 0
349.5000 1
350.0000 0
350.5000 0
351.0000 0
351.5000 1
352.0000 1
352.5000 0
353.0000 1
353.5000 0
354.0000 0
354.5000 0
355.0000 0
355.5000 0
356.0000 0
356.5000 0
357.0000 2
357.5000 0
358.0000 0
358.5000 0
359.0000 1
359.5000 1
360.0000 0
360.5000 1
361.0000 0
361.5000 0
362.0000 0
362.5000 1
363.0000 0
363.5000 0
364.0000 0
364.5000 0
365.0000 0
365.5000 0
366.0000 1
366.5000 0
367.0000 0
367.5000 0
368.0000 0
368.5000 0
369.0000 0
369.5000 0
370.0000 0
370.5000 1
371.0000 0
371.5000 0
372.0000 1
372.5000 0
373.0000 0
373.5000 0
374.0000 1
374.5000 0
375.0000 0
375.5000 0
376.0000 1
376.5000 2
377.0000 0
377.5000 0
378.0000 0
378.5000 0
379.0000 0
379.5000 3
380.0000 1
380.5000 0
381.0000 0
381.5000 1
382.0000 0
382.5000 2
383.0000 0
383.5000 0
384.0000 0
384.5000 0
385.0000 2
385.5000 0
386.0000 0
386.5000 0
387.0000 1
387.5000 1
388.0000 1
388.5000 3
389.0000 1
389.5000 1
390.0000 4
390.5000 2
391.0000 1
391.5000 0
392.0000 2
392.5000 0
393.0000 0
393.5000 1
394.0000 1
394.5000 5
395.0000 2
395.5000 2
396.0000 3
396.5000 0
397.0000 1
397.5000 3
398.0000 3
398.5000 7
399.0000 3
399.5000 3
400.0000 3
400.5000 1
401.0000 2
401.5000 3
402.0000 3
402.5000 2
403.0000 4
403.5000 2
404.0000 3
404.5000 4
405.0000 4
405.5000 4
406.0000 3
406.5000 4
407.0000 5
407.5000 3
408.0000 7
408.5000 2
409.0000 7
409.5000 6
410.0000 2
410.5000 7
411.0000 7
411.5000 12
412.0000 7
412.5000 8
413.0000 10
413.5000 9
414.0000 6
414.5000 7
415.0000 8
415.5000 4
416.0000 8
416.5000 8
417.0000 8
417.5000 6
418.0000 8
418.5000 10
419.0000 7
419.5000 5
420.0000 9
420.5000 6
421.0000 10
421.5000 8
422.0000 19
422.5000 11
423.0000 10
423.5000 12
424.0000 11
424.5000 15
425.0000 12
425.5000 11
426.0000 9
426.5000 8
427.0000 11
427.5000 14
428.0000 15
428.5000 13
429.0000 17
429.5000 10
430.0000 17
430.5000 9
431.0000 14
431.5000 6
432.0000 19
432.5000 10
433.0000 19
433.5000 17
434.0000 15
434.5000 17
435.0000 17
435.5000 12
436.0000 10
436.5000 13
437.0000 15
437.5000 16
438.0000 22
438.5000 11
439.0000 9
439.5000 15
440.0000 16
440.5000 20
441.0000 14
441.5000 22
442.0000 13
442.5000 14
443.0000 16
443.5000 15
444.0000 16
444.5000 19
445.0000 12
445.5000 20
446.0000 12
446.5000 18
447.0000 17
447.5000 17
448.0000 17
448.5000 9
449.0000 16
449.5000 14
450.0000 21
450.5000 23
451.0000 17
451.5000 20
452.0000 20
452.5000 19
453.0000 17
453.5000 30
454.0000 18
454.5000 12
455.0000 19
455.5000 21
456.0000 20
456.5000 13
457.0000 14
457.5000 15
458.0000 26
458.5000 20
459.0000 22
459.5000 16
460.0000 13
460.5000 28
461.0000 20
461.5000 21
462.0000 18
462.5000 22
463.0000 16
463.5000 24
464.0000 17
464.5000 25
465.0000 26
465.5000 21
466.0000 26
466.5000 22
467.0000 41
467.5000 27
468.0000 19
468.5000 25
469.0000 26
469.5000 20
470.0000 26
470.5000 24
471.0000 19
471.5000 20
472.0000 31
472.5000 17
473.0000 31
473.5000 21
474.0000 29
474.5000 19
475.0000 22
475.5000 22
476.0000 17
476.5000 22
477.0000 17
477.5000 19
478.0000 29
478.5000 24
479.0000 27
479.5000 26
480.0000 28
480.5000 25
481.0000 29
481.5000 30
482.0000 32
482.5000 28
483.0000 28
483.5000 27
484.0000 23
484.5000 21
485.0000 19
485.5000 23
486.0000 24
486.5000 27
487.0000 26
487.5000 21
488.0000 25
488.5000 33
489.0000 24
489.5000 18
490.0000 32
490.5000 32
491.0000 30
491.5000 38
492.0000 25
492.5000 26
493.0000 23
493.5000 27
494.0000 29
494.5000 27
495.0000 32
495.5000 28
496.0000 27
496.5000 32
497.0000 19
497.5000 29
498.0000 28
498.5000 26
499.0000 28
499.5000 25
500.0000 28
500.5000 21
501.0000 0
501.5000 0
502.0000 0
502.5000 0
503.0000 0
503.5000 0
504.0000 1
504.5000 0
505.0000 0
505.5000 0
506.0000 1
506.5000 0
507.0000 0
507.5000 0
508.0000 1
508.5000 1
509.0000 0
509.5000 0
510.0000 0
510.5000 1
511.0000 1
511.5000 0
512.0000 0
512.5000 0
513.0000 0
513.5000 0
514.0000 0
514.5000 1
515.0000 1
515.5000 1
516.0000 0
516.5000 0
517.0000 0
517.5000 0
518.0000 1
518.5000 0
519.0000 0
519.5000 1
520.0000 0
520.5000 0
521.0000 0
521.5000 1
522.0000 0
522.5000 0
523.0000 1
523.5000 0
524.0000 0
524.5000 1
525.0000 0
525.5000 0
526.0000 0
526.5000 1
527.0000 0
527.5000 0
528.0000 1
528.5000 0
529.0000 0
529.5000 1
530.0000 0
530.5000 0
531.0000 0
531.5000 1
532.0000 0
532.5000 0
533.0000 0
533.5000 1
534.0000 0
534.5000 0
535.0000 1
535.5000 0
536.0000 0
536.5000 0
537.0000 0
537.5000 0
538.0000 0
538.5000 0
539.0000 0
539.5000 0
540.0000 0
540.5000 0
541.0000 0
541.5000 1
542.0000 0
542.5000 1
543.0000 0
543.5000 0
544.0000 1
544.5000 1
545.0000 0
545.5000 0
546.0000 0
546.5000 0
547.0000 0
547.5000 0
548.0000 1
548.5000 0
549.0000 0
549.5000 1
550.0000 0
550.5000 1
551.0000 0
551.5000 0
552.0000 0
552.5000 0
553.0000 0
553.5000 0
554.0000 1
554.5000 1
555.0000 0
555.5000 1
556.0000 0
556.5000 0
557.0000 0
557.5000 2
558.0000 1
558.5000 3
559.0000 2
559.5000 3
560.0000 0
560.5000 1
561.0000 1
561.5000 3
562.0000 1
562.5000 3
563.0000 1
563.5000 0
564.0000 2
564.5000 2
565.0000 0
565.5000 1
566.0000 2
566.5000 2
567.0000 1
567.5000 5
568.0000 3
568.5000 1
569.0000 2
569.5000 2
570.0000 1
570.5000 0
571.0000 2
571.5000 3
572.0000 1
572.5000 2
573.0000 1
573.5000 7
574.0000 4
574.5000 3
575.0000 4
575.5000 2
576.0000 5
576.5000 5
577.0000 6
577.5000 4
578.0000 6
578.5000 4
579.0000 4
579.5000 8
580.0000 8
580.5000 7
581.0000 8
581.5000 7
582.0000 12
582.5000 3
583.0000 10
583.5000 9
584.0000 10
584.5000 8
585.0000 9
585.5000 6
586.0000 9
586.5000 7
587.0000 8
587.5000 10
588.0000 4
588.5000 12
589.0000 3
589.5000 12
590.0000 7
590.5000 7
591.0000 8
591.5000 6
592.0000 10
592.5000 11
593.0000 14
593.5000 9
594.0000 10
594.5000 10
595.0000 7
595.5000 10
596.0000 15
596.5000 5
597.0000 10
597.5000 10
598.0000 12
598.5000 13
599.0000 15
599.5000 14
600.0000 9
600.5000 15
601.0000 11
601.5000 13
602.0000 17
602.5000 23
603.0000 11
603.5000 13
604.0000 13
604.5000 15
605.0000 20
605.5000 16
606.0000 27
606.5000 12
607.0000 11
607.5000 15
608.0000 17
608.5000 13
609.0000 19
609.5000 12
610.0000 17
610.5000 15
611.0000 16
611.5000 9
612.0000 11
612.5000 12
613.0000 22
613.5000 14
614.0000 17
614.5000 10
615.0000 15
615.5000 19
616.0000 13
616.5000 13
617.0000 18
617.5000 12
618.0000 17
618.5000 13
619.0000 8
619.5000 12
620.0000 23
620.5000 14
621.0000 20
621.5000 18
622.0000 29
622.5000 27
623.0000 16
623.5000 12
624.0000 11
624.5000 13
625.0000 25
625.5000 19
626.0000 18
626.5000 13
627.0000 14
627.5000 18
628.0000 16
628.5000 23
629.0000 23
629.5000 17
630.0000 20
630.5000 18
631.0000 15
631.5000 17
632.0000 23
632.5000 12
633.0000 17
633.5000 30
634.0000 31
634.5000 28
635.0000 24
635.5000 21
636.0000 20
636.5000 21
637.0000 25
637.5000 20
638.0000 26
638.5000 28
639.0000 29
639.5000 30
640.0000 23
640.5000 24
641.0000 20
641.5000 22
642.0000 20
642.5000 22
643.0000 21
643.5000 18
644.0000 16
644.5000 14
645.0000 17
645.5000 26
646.0000 24
646.5000 32
647.0000 31
647.5000 20
648.0000 11
648.5000 34
649.0000 24
649.5000 12
650.0000 29
650.5000 21
651.0000 30
651.5000 25
652.0000 21
652.5000 13
653.0000 23
653.5000 30
654.0000 22
654.5000 29
655.0000 24
655.5000 32
656.0000 26
656.5000 28
657.0000 31
657.5000 22
658.0000 33
658.5000 27
659.0000 31
659.5000 26
660.0000 21
660.5000 24
661.0000 29
661.5000 14
662.0000 22
662.5000 24
663.0000 27
663.5000 24
664.0000 22
664.5000 28
665.0000 34
665.5000 39
666.0000 34
666.5000 19
667.0000 29
667.5000 25
668.0000 31
668.5000 25
669.0000 30
669.5000 25
670.0000 35
670.5000 27
671.0000 0
671.5000 0
672.0000 0
672.5000 0
673.0000 1
673.5000 0
674.0000 0
674.5000 0
675.0000 1
675.5000 1
676.0000 0
676.5000 0
677.0000 0
677.5000 1
678.0000 0
678.5000 1
679.0000 0
679.5000 0
680.0000 1
680.5000 0
681.0000 0
681.5000 0
682.0000 0
682.5000 1
683.0000 0
683.5000 0
684.0000 1
684.5000 0
685.0000 0
685.5000 0
686.0000 0
686.5000 0
687.0000 0
687.5000 0
688.0000 0
688.5000 2
689.0000 1
689.5000 0
690.0000 0
690.5000 0
691.0000 0
691.5000 1
692.0000 0
692.5000 0
693.0000 0
693.5000 0
694.0000 0
694.5000 1
695.0000 0
695.5000 0
696.0000 0
696.5000 2
697.0000 0
697.5000 0
698.0000 0
698.5000 0
699.0000 0
699.5000 0
700.0000 0
700.5000 4
701.0000 0
701.5000 0
702.0000 0
702.5000 1
703.0000 0
703.5000 0
704.0000 1
704.5000 0
705.0000 0
705.5000 0
706.0000 1
706.5000 1
707.0000 0
707.5000 0
708.0000 1
708.5000 0
709.0000 0
709.5000 1
710.0000 0
710.5000 2
711.0000 0
711.5000 0
712.0000 0
712.5000 0
713.0000 0
713.5000 1
714.0000 0
714.5000 0
715.0000 1
715.5000 1
716.0000 1
716.5000 0
717.0000 3
717.5000 0
718.0000 1
718.5000 0
719.0000 0
719.5000 1
720.0000 1
720.5000 0
721.0000 0
721.5000 0
722.0000 0
722.5000 0
723.0000 0
723.5000 1
724.0000 1
724.5000 1
725.0000 2
725.5000 1
726.0000 0
726.5000 0
727.0000 0
727.5000 0
728.0000 1
728.5000 1
729.0000 1
729.5000 0
730.0000 1
730.5000 1
731.0000 0
731.5000 1
732.0000 0
732.5000 3
733.0000 2
733.5000 2
734.0000 2
734.5000 1
735.0000 4
735.5000 3
736.0000 1
736.5000 1
737.0000 1
737.5000 0
738.0000 3
738.5000 4
739.0000 2
739.5000 3
740.0000 3
740.5000 2
741.0000 3
741.5000 1
742.0000 5
742.5000 3
743.0000 1
743.5000 3
744.0000 2
744.5000 3
745.0000 4
745.5000 3
746.0000 0
746.5000 4
747.0000 8
747.5000 6
748.0000 1
748.5000 8
749.0000 5
749.5000 6
750.0000 4
750.5000 3
751.0000 4
751.5000 5
752.0000 4
752.5000 7
753.0000 4
753.5000 9
754.0000 7
754.5000 3
755.0000 7
755.5000 9
756.0000 10
756.5000 6
757.0000 13
757.5000 12
758.0000 9
758.5000 8
759.0000 14
759.5000 12
760.0000 6
760.5000 7
761.0000 8
761.5000 9
762.0000 9
762.5000 13
763.0000 11
763.5000 10
764.0000 11
764.5000 6
765.0000 11
765.5000 9
766.0000 13
766.5000 11
767.0000 7
767.5000 12
768.0000 15
768.5000 7
769.0000 14
769.5000 10
770.0000 14
770.5000 9
771.0000 14
771.5000 11
772.0000 16
772.5000 12
773.0000 22
773.5000 6
774.0000 9
774.5000 21
775.0000 12
775.5000 12
776.0000 10
776.5000 22
777.0000 12
777.5000 22
778.0000 11
778.5000 12
779.0000 17
779.5000 15
780.0000 10
780.5000 12
781.0000 10
781.5000 10
782.0000 15
782.5000 12
783.0000 14
783.5000 18
784.0000 13
784.5000 8
785.0000 25
785.5000 10
786.0000 12
786.5000 18
787.0000 17
787.5000 12
788.0000 20
788.5000 16
789.0000 25
789.5000 24
790.0000 12
790.5000 10
791.0000 20
791.5000 21
792.0000 25
792.5000 21
793.0000 19
793.5000 18
794.0000 18
794.5000 21
795.0000 18
795.5000 15
796.0000 27
796.5000 12
797.0000 30
797.5000 20
798.0000 20
798.5000 15
799.0000 19
799.5000 17
800.0000 20
800.5000 13
801.0000 18
801.5000 25
802.0000 26
802.5000 20
803.0000 18
803.5000 22
804.0000 15
804.5000 25
805.0000 23
805.5000 16
806.0000 16
806.5000 20
807.0000 22
807.5000 22
808.0000 24
808.5000 24
809.0000 22
809.5000 30
810.0000 25
810.5000 22
811.0000 21
811.5000 32
812.0000 16
812.5000 22
813.0000 23
813.5000 25
814.0000 29
814.5000 29
815.0000 14
815.5000 27
816.0000 23
816.5000 22
817.0000 27
817.5000 19
818.0000 28
818.5000 28
819.0000 28
819.5000 26
820.0000 21
820.5000 34
821.0000 21
821.5000 33
822.0000 28
822.5000 15
823.0000 27
823.5000 17
824.0000 19
824.5000 28
825.0000 20
825.5000 20
826.0000 24
826.5000 17
827.0000 29
827.5000 31
828.0000 29
828.5000 22
829.0000 27
829.5000 14
830.0000 30
830.5000 21
831.0000 32
831.5000 37
832.0000 21
832.5000 23
833.0000 23
833.5000 19
834.0000 23
834.5000 27
835.0000 26
835.5000 24
836.0000 33
836.5000 28
837.0000 21
837.5000 26
838.0000 30
838.5000 29
839.0000 31
839.5000 33
840.0000 31
840.5000 29
841.0000 0
841.5000 1
842.0000 0
842.5000 1
843.0000 1
843.5000 0
844.0000 0
844.5000 0
845.0000 0
845.5000 0
846.0000 0
846.5000 0
847.0000 0
847.5000 0
848.0000 0
848.5000 1
849.0000 0
849.5000 1
