0.0000 0
0.5000 0
1.0000 0
1.5000 0
2.0000 0
2.5000 0
3.0000 0
3.5000 0
4.0000 1
4.5000 2
5.0000 1
5.5000 0
6.0000 0
6.5000 0
7.0000 0
7.5000 0
8.0000 0
8.5000 0
9.0000 0
9.5000 0
10.0000 0
10.5000 1
11.0000 0
11.5000 0
12.0000 1
12.5000 1
13.0000 1
13.5000 3
14.0000 1
14.5000 2
15.0000 1
15.5000 3
16.0000 3
16.5000 1
17.0000 4
17.5000 2
18.0000 1
18.5000 2
19.0000 3
19.5000 1
20.0000 1
20.5000 0
21.0000 4
21.5000 3
22.0000 1
22.5000 3
23.0000 7
23.5000 4
24.0000 6
24.5000 3
25.0000 6
25.5000 2
26.0000 8
26.5000 5
27.0000 3
27.5000 6
28.0000 5
28.5000 6
29.0000 6
29.5000 10
30.0000 12
30.5000 8
31.0000 4
31.5000 8
32.0000 7
32.5000 11
33.0000 8
33.5000 9
34.0000 11
34.5000 6
35.0000 5
35.5000 8
36.0000 1
36.5000 16
37.0000 9
37.5000 20
38.0000 12
38.5000 9
39.0000 12
39.5000 14
40.0000 5
40.5000 3
41.0000 8
41.5000 9
42.0000 9
42.5000 11
43.0000 11
43.5000 12
44.0000 11
44.5000 11
45.0000 11
45.5000 13
46.0000 15
46.5000 12
47.0000 9
47.5000 16
48.0000 13
48.5000 17
49.0000 16
49.5000 12
50.0000 15
50.5000 12
51.0000 16
51.5000 12
52.0000 16
52.5000 11
53.0000 22
53.5000 13
54.0000 10
54.5000 10
55.0000 10
55.5000 11
56.0000 13
56.5000 20
57.0000 10
57.5000 10
58.0000 16
58.5000 16
59.0000 13
59.5000 21
60.0000 18
60.5000 16
61.0000 14
61.5000 11
62.0000 13
62.5000 24
63.0000 15
63.5000 16
64.0000 21
64.5000 11
65.0000 21
65.5000 14
66.0000 20
66.5000 16
67.0000 22
67.5000 30
68.0000 16
68.5000 21
69.0000 18
69.5000 25
70.0000 17
70.5000 16
71.0000 17
71.5000 23
72.0000 13
72.5000 19
73.0000 20
73.5000 19
74.0000 16
74.5000 12
75.0000 19
75.5000 20
76.0000 26
76.5000 22
77.0000 17
77.5000 21
78.0000 14
78.5000 28
79.0000 22
79.5000 17
80.0000 26
80.5000 17
81.0000 35
81.5000 14
82.0000 16
82.5000 17
83.0000 15
83.5000 27
84.0000 24
84.5000 23
85.0000 28
85.5000 25
86.0000 20
86.5000 23
87.0000 11
87.5000 18
88.0000 19
88.5000 18
89.0000 17
89.5000 23
90.0000 16
90.5000 25
91.0000 27
91.5000 26
92.0000 21
92.5000 24
93.0000 22
93.5000 28
94.0000 27
94.5000 23
95.0000 20
95.5000 13
96.0000 31
96.5000 24
97.0000 18
97.5000 20
98.0000 19
98.5000 18
99.0000 34
99.5000 20
100.0000 22
100.5000 18
101.0000 18
101.5000 23
102.0000 17
102.5000 24
103.0000 24
103.5000 27
104.0000 26
104.5000 19
105.0000 22
105.5000 23
106.0000 18
106.5000 35
107.0000 25
107.5000 20
108.0000 22
108.5000 32
109.0000 17
109.5000 23
110.0000 21
110.5000 24
111.0000 23
111.5000 21
112.0000 25
112.5000 26
113.0000 28
113.5000 22
114.0000 30
114.5000 26
115.0000 17
115.5000 25
116.0000 22
116.5000 20
117.0000 19
117.5000 28
118.0000 35
118.5000 29
119.0000 19
119.5000 28
120.0000 26
120.5000 26
121.0000 32
121.5000 29
122.0000 27
122.5000 37
123.0000 19
123.5000 20
124.0000 21
124.5000 19
125.0000 27
125.5000 20
126.0000 25
126.5000 28
127.0000 26
127.5000 25
128.0000 29
128.5000 31
129.0000 23
129.5000 30
130.0000 27
130.5000 28
131.0000 30
131.5000 25
132.0000 23
132.5000 25
133.0000 23
133.5000 30
134.0000 25
134.5000 32
135.0000 19
135.5000 26
136.0000 29
136.5000 21
137.0000 26
137.5000 38
138.0000 32
138.5000 22
139.0000 22
139.5000 40
140.0000 27
140.5000 29
141.0000 24
141.5000 26
142.0000 26
142.5000 40
143.0000 21
143.5000 35
144.0000 26
144.5000 39
145.0000 19
145.5000 30
146.0000 35
146.5000 28
147.0000 36
147.5000 32
148.0000 20
148.5000 37
149.0000 38
149.5000 37
150.0000 18
150.5000 30
151.0000 28
151.5000 44
152.0000 30
152.5000 24
153.0000 37
153.5000 25
154.0000 29
154.5000 30
155.0000 28
155.5000 24
156.0000 32
156.5000 29
157.0000 29
157.5000 29
158.0000 34
158.5000 45
159.0000 31
159.5000 34
160.0000 37
160.5000 18
161.0000 0
161.5000 0
162.0000 0
162.5000 0
163.0000 1
163.5000 0
164.0000 0
164.5000 0
165.0000 2
165.5000 1
166.0000 0
166.5000 0
167.0000 0
167.5000 0
168.0000 0
168.5000 0
169.0000 0
169.5000 0
170.0000 0
170.5000 0
171.0000 1
171.5000 0
172.0000 0
172.5000 0
173.0000 0
173.5000 0
174.0000 0
174.5000 0
175.0000 0
175.5000 0
176.0000 0
176.5000 0
177.0000 0
177.5000 3
178.0000 1
178.5000 0
179.0000 0
179.5000 1
180.0000 1
180.5000 1
181.0000 0
181.5000 3
182.0000 1
182.5000 3
183.0000 2
183.5000 2
184.0000 0
184.5000 1
185.0000 1
185.5000 1
186.0000 2
186.5000 2
187.0000 0
187.5000 1
188.0000 8
188.5000 2
189.0000 0
189.5000 0
190.0000 2
190.5000 4
191.0000 3
191.5000 4
192.0000 2
192.5000 4
193.0000 5
193.5000 6
194.0000 2
194.5000 3
195.0000 3
195.5000 4
196.0000 6
196.5000 2
197.0000 1
197.5000 4
198.0000 4
198.5000 2
199.0000 9
199.5000 3
200.0000 6
200.5000 6
201.0000 4
201.5000 6
202.0000 6
202.5000 10
203.0000 2
203.5000 10
204.0000 9
204.5000 4
205.0000 6
205.5000 5
206.0000 8
206.5000 5
207.0000 11
207.5000 4
208.0000 13
208.5000 4
209.0000 11
209.5000 14
210.0000 8
210.5000 12
211.0000 18
211.5000 11
212.0000 13
212.5000 17
213.0000 14
213.5000 12
214.0000 11
214.5000 22
215.0000 13
215.5000 12
216.0000 9
216.5000 14
217.0000 11
217.5000 16
218.0000 11
218.5000 12
219.0000 10
219.5000 17
220.0000 16
220.5000 7
221.0000 12
221.5000 16
222.0000 15
222.5000 9
223.0000 8
223.5000 12
224.0000 11
224.5000 15
225.0000 20
225.5000 10
226.0000 18
226.5000 13
227.0000 16
227.5000 14
228.0000 12
228.5000 15
229.0000 19
229.5000 15
230.0000 12
230.5000 10
231.0000 14
231.5000 19
232.0000 14
232.5000 18
233.0000 19
233.5000 23
234.0000 18
234.5000 15
235.0000 19
235.5000 18
236.0000 15
236.5000 18
237.0000 16
237.5000 18
238.0000 18
238.5000 26
239.0000 15
239.5000 11
240.0000 23
240.5000 15
241.0000 22
241.5000 14
242.0000 17
242.5000 17
243.0000 16
243.5000 23
244.0000 24
244.5000 24
245.0000 23
245.5000 6
246.0000 20
246.5000 14
247.0000 23
247.5000 24
248.0000 21
248.5000 11
249.0000 18
249.5000 23
250.0000 21
250.5000 22
251.0000 17
251.5000 16
252.0000 24
252.5000 19
253.0000 15
253.5000 19
254.0000 21
254.5000 24
255.0000 20
255.5000 21
256.0000 28
256.5000 25
257.0000 19
257.5000 17
258.0000 25
258.5000 22
259.0000 22
259.5000 23
260.0000 19
260.5000 26
261.0000 22
261.5000 21
262.0000 25
262.5000 21
263.0000 19
263.5000 24
264.0000 25
264.5000 18
265.0000 18
265.5000 15
266.0000 17
266.5000 14
267.0000 30
267.5000 21
268.0000 29
268.5000 20
269.0000 17
269.5000 14
270.0000 21
270.5000 18
271.0000 36
271.5000 16
272.0000 27
272.5000 31
273.0000 26
273.5000 24
274.0000 17
274.5000 16
275.0000 28
275.5000 25
276.0000 21
276.5000 21
277.0000 27
277.5000 17
278.0000 28
278.5000 28
279.0000 24
279.5000 41
280.0000 22
280.5000 25
281.0000 29
281.5000 22
282.0000 21
282.5000 17
283.0000 23
283.5000 23
284.0000 21
284.5000 25
285.0000 22
285.5000 28
286.0000 28
286.5000 24
287.0000 29
287.5000 22
288.0000 29
288.5000 24
289.0000 20
289.5000 25
290.0000 34
290.5000 35
291.0000 26
291.5000 23
292.0000 26
292.5000 27
293.0000 27
293.5000 26
294.0000 20
294.5000 28
295.0000 27
295.5000 30
296.0000 32
296.5000 24
297.0000 25
297.5000 23
298.0000 26
298.5000 34
299.0000 33
299.5000 33
300.0000 20
300.5000 27
301.0000 31
301.5000 28
302.0000 22
302.5000 24
303.0000 30
303.5000 29
304.0000 38
304.5000 33
305.0000 30
305.5000 26
306.0000 34
306.5000 30
307.0000 16
307.5000 28
308.0000 40
308.5000 27
309.0000 30
309.5000 21
310.0000 30
310.5000 25
311.0000 27
311.5000 33
312.0000 28
312.5000 26
313.0000 30
313.5000 24
314.0000 26
314.5000 24
315.0000 26
315.5000 33
316.0000 25
316.5000 21
317.0000 31
317.5000 34
318.0000 28
318.5000 25
319.0000 33
319.5000 27
320.0000 23
320.5000 29
321.0000 32
321.5000 33
322.0000 32
322.5000 22
323.0000 26
323.5000 31
324.0000 27
324.5000 31
325.0000 31
325.5000 26
326.0000 40
326.5000 21
327.0000 27
327.5000 31
328.0000 31
328.5000 28
329.0000 40
329.5000 23
330.0000 30
330.5000 21
331.0000 0
331.5000 0
332.0000 0
332.5000 0
333.0000 1
333.5000 1
334.0000 0
334.5000 0
335.0000 0
335.5000 0
336.0000 0
336.5000 0
337.0000 0
337.5000 0
338.0000 0
338.5000 0
339.0000 0
339.5000 0
340.0000 1
340.5000 0
341.0000 0
341.5000 0
342.0000 0
342.5000 0
343.0000 0
343.5000 0
344.0000 0
344.5000 2
345.0000 0
345.5000 0
346.0000 0
346.5000 0
347.0000 0
347.5000 0
348.0000 0
348.5000 3
349.0000 0
349.5000 1
350.0000 0
350.5000 0
351.0000 0
351.5000 0
352.0000 2
352.5000 2
353.0000 1
353.5000 0
354.0000 2
354.5000 1
355.0000 0
355.5000 1
356.0000 3
356.5000 1
357.0000 5
357.5000 2
358.0000 2
358.5000 1
359.0000 2
359.5000 2
360.0000 3
360.5000 4
361.0000 2
361.5000 4
362.0000 3
362.5000 1
363.0000 2
363.5000 2
364.0000 2
364.5000 9
365.0000 5
365.5000 1
366.0000 7
366.5000 9
367.0000 6
367.5000 8
368.0000 5
368.5000 5
369.0000 9
369.5000 5
370.0000 2
370.5000 6
371.0000 7
371.5000 7
372.0000 7
372.5000 3
373.0000 10
373.5000 9
374.0000 13
374.5000 5
375.0000 9
375.5000 9
376.0000 9
376.5000 8
377.0000 6
377.5000 10
378.0000 10
378.5000 8
379.0000 11
379.5000 5
380.0000 15
380.5000 8
381.0000 5
381.5000 15
382.0000 16
382.5000 12
383.0000 16
383.5000 9
384.0000 18
384.5000 9
385.0000 10
385.5000 9
386.0000 14
386.5000 11
387.0000 5
387.5000 14
388.0000 13
388.5000 16
389.0000 19
389.5000 14
390.0000 13
390.5000 14
391.0000 16
391.5000 19
392.0000 14
392.5000 12
393.0000 15
393.5000 15
394.0000 8
394.5000 15
395.0000 11
395.5000 17
396.0000 8
396.5000 12
397.0000 20
397.5000 23
398.0000 15
398.5000 4
399.0000 14
399.5000 16
400.0000 15
400.5000 16
401.0000 19
401.5000 23
402.0000 16
402.5000 15
403.0000 24
403.5000 22
404.0000 26
404.5000 18
405.0000 22
405.5000 15
406.0000 17
406.5000 20
407.0000 13
407.5000 21
408.0000 21
408.5000 23
409.0000 23
409.5000 12
410.0000 18
410.5000 19
411.0000 17
411.5000 16
412.0000 18
412.5000 24
413.0000 10
413.5000 22
414.0000 20
414.5000 16
415.0000 24
415.5000 16
416.0000 21
416.5000 17
417.0000 22
417.5000 26
418.0000 18
418.5000 18
419.0000 26
419.5000 18
420.0000 29
420.5000 18
421.0000 24
421.5000 29
422.0000 21
422.5000 26
423.0000 24
423.5000 26
424.0000 15
424.5000 19
425.0000 23
425.5000 21
426.0000 21
426.5000 25
427.0000 21
427.5000 26
428.0000 27
428.5000 20
429.0000 21
429.5000 24
430.0000 21
430.5000 22
431.0000 26
431.5000 25
432.0000 19
432.5000 26
433.0000 18
433.5000 20
434.0000 25
434.5000 18
435.0000 12
435.5000 23
436.0000 24
436.5000 21
437.0000 23
437.5000 22
438.0000 26
438.5000 32
439.0000 16
439.5000 27
440.0000 20
440.5000 21
441.0000 29
441.5000 18
442.0000 13
442.5000 25
443.0000 20
443.5000 23
444.0000 21
444.5000 26
445.0000 27
445.5000 26
446.0000 30
446.5000 14
447.0000 33
447.5000 30
448.0000 23
448.5000 28
449.0000 28
449.5000 28
450.0000 26
450.5000 31
451.0000 18
451.5000 21
452.0000 17
452.5000 32
453.0000 28
453.5000 28
454.0000 19
454.5000 26
455.0000 17
455.5000 29
456.0000 34
456.5000 19
457.0000 26
457.5000 31
458.0000 24
458.5000 17
459.0000 28
459.5000 24
460.0000 40
460.5000 19
461.0000 18
461.5000 26
462.0000 27
462.5000 29
463.0000 26
463.5000 29
464.0000 21
464.5000 28
465.0000 19
465.5000 25
466.0000 28
466.5000 34
467.0000 24
467.5000 27
468.0000 22
468.5000 28
469.0000 27
469.5000 33
470.0000 27
470.5000 23
471.0000 26
471.5000 32
472.0000 21
472.5000 30
473.0000 28
473.5000 27
474.0000 20
474.5000 29
475.0000 35
475.5000 29
476.0000 29
476.5000 28
477.0000 30
477.5000 26
478.0000 37
478.5000 26
479.0000 20
479.5000 31
480.0000 31
480.5000 29
481.0000 31
481.5000 33
482.0000 26
482.5000 36
483.0000 21
483.5000 29
484.0000 24
484.5000 20
485.0000 28
485.5000 22
486.0000 19
486.5000 34
487.0000 32
487.5000 28
488.0000 30
488.5000 30
489.0000 30
489.5000 32
490.0000 27
490.5000 34
491.0000 35
491.5000 30
492.0000 33
492.5000 38
493.0000 24
493.5000 33
494.0000 32
494.5000 34
495.0000 27
495.5000 27
496.0000 31
496.5000 33
497.0000 31
497.5000 31
498.0000 34
498.5000 32
499.0000 40
499.5000 29
500.0000 33
500.5000 24
501.0000 4
501.5000 0
502.0000 1
502.5000 1
503.0000 0
503.5000 0
504.0000 1
504.5000 1
505.0000 1
505.5000 2
506.0000 0
506.5000 0
507.0000 0
507.5000 1
508.0000 0
508.5000 0
509.0000 0
509.5000 1
510.0000 0
510.5000 0
511.0000 1
511.5000 0
512.0000 0
512.5000 0
513.0000 1
513.5000 0
514.0000 0
514.5000 0
515.0000 0
515.5000 0
516.0000 0
516.5000 3
517.0000 1
517.5000 0
518.0000 0
518.5000 1
519.0000 0
519.5000 1
520.0000 1
520.5000 2
521.0000 1
521.5000 0
522.0000 1
522.5000 0
523.0000 2
523.5000 3
524.0000 1
524.5000 1
525.0000 1
525.5000 2
526.0000 2
526.5000 1
527.0000 3
527.5000 0
528.0000 1
528.5000 1
529.0000 2
529.5000 3
530.0000 4
530.5000 2
531.0000 8
531.5000 1
532.0000 4
532.5000 5
533.0000 1
533.5000 4
534.0000 5
534.5000 4
535.0000 4
535.5000 4
536.0000 6
536.5000 5
537.0000 9
537.5000 5
538.0000 6
538.5000 3
539.0000 7
539.5000 4
540.0000 4
540.5000 7
541.0000 11
541.5000 11
542.0000 10
542.5000 5
543.0000 14
543.5000 9
544.0000 15
544.5000 7
545.0000 7
545.5000 13
546.0000 9
546.5000 14
547.0000 7
547.5000 8
548.0000 9
548.5000 10
549.0000 14
549.5000 6
550.0000 12
550.5000 16
551.0000 13
551.5000 8
552.0000 19
552.5000 7
553.0000 14
553.5000 15
554.0000 10
554.5000 17
555.0000 6
555.5000 10
556.0000 16
556.5000 13
557.0000 9
557.5000 9
558.0000 15
558.5000 13
559.0000 11
559.5000 11
560.0000 22
560.5000 16
561.0000 18
561.5000 17
562.0000 14
562.5000 15
563.0000 13
563.5000 20
564.0000 14
564.5000 14
565.0000 13
565.5000 14
566.0000 10
566.5000 17
567.0000 17
567.5000 15
568.0000 17
568.5000 19
569.0000 11
569.5000 12
570.0000 16
570.5000 19
571.0000 10
571.5000 9
572.0000 15
572.5000 14
573.0000 21
573.5000 11
574.0000 21
574.5000 22
575.0000 12
575.5000 24
576.0000 19
576.5000 19
577.0000 21
577.5000 12
578.0000 18
578.5000 21
579.0000 20
579.5000 14
580.0000 20
580.5000 18
581.0000 15
581.5000 21
582.0000 21
582.5000 25
583.0000 15
583.5000 28
584.0000 21
584.5000 22
585.0000 16
585.5000 27
586.0000 21
586.5000 16
587.0000 22
587.5000 30
588.0000 24
588.5000 24
589.0000 22
589.5000 15
590.0000 18
590.5000 22
591.0000 24
591.5000 10
592.0000 22
592.5000 23
593.0000 23
593.5000 22
594.0000 26
594.5000 24
595.0000 20
595.5000 28
596.0000 16
596.5000 20
597.0000 27
597.5000 26
598.0000 10
598.5000 26
599.0000 28
599.5000 19
600.0000 23
600.5000 18
601.0000 21
601.5000 23
602.0000 21
602.5000 29
603.0000 22
603.5000 23
604.0000 21
604.5000 19
605.0000 20
605.5000 11
606.0000 23
606.5000 19
607.0000 14
607.5000 27
608.0000 32
608.5000 19
609.0000 28
609.5000 19
610.0000 25
610.5000 19
611.0000 28
611.5000 26
612.0000 20
612.5000 30
613.0000 23
613.5000 20
614.0000 25
614.5000 13
615.0000 24
615.5000 23
616.0000 16
616.5000 32
617.0000 17
617.5000 18
618.0000 17
618.5000 23
619.0000 23
619.5000 30
620.0000 20
620.5000 23
621.0000 26
621.5000 26
622.0000 24
622.5000 25
623.0000 25
623.5000 29
624.0000 31
624.5000 33
625.0000 24
625.5000 25
626.0000 33
626.5000 23
627.0000 26
627.5000 22
628.0000 21
628.5000 27
629.0000 28
629.5000 21
630.0000 20
630.5000 24
631.0000 19
631.5000 27
632.0000 26
632.5000 28
633.0000 28
633.5000 33
634.0000 17
634.5000 22
635.0000 23
635.5000 22
636.0000 26
636.5000 21
637.0000 28
637.5000 30
638.0000 25
638.5000 29
639.0000 37
639.5000 32
640.0000 37
640.5000 32
641.0000 38
641.5000 30
642.0000 21
642.5000 26
643.0000 33
643.5000 30
644.0000 25
644.5000 24
645.0000 26
645.5000 25
646.0000 29
646.5000 22
647.0000 19
647.5000 26
648.0000 26
648.5000 22
649.0000 34
649.5000 24
650.0000 27
650.5000 27
651.0000 28
651.5000 33
652.0000 26
652.5000 26
653.0000 21
653.5000 28
654.0000 35
654.5000 33
655.0000 39
655.5000 35
656.0000 30
656.5000 25
657.0000 32
657.5000 25
658.0000 20
658.5000 32
659.0000 25
659.5000 27
660.0000 27
660.5000 31
661.0000 29
661.5000 20
662.0000 37
662.5000 32
663.0000 29
663.5000 25
664.0000 25
664.5000 29
665.0000 34
665.5000 28
666.0000 29
666.5000 30
667.0000 22
667.5000 33
668.0000 32
668.5000 34
669.0000 21
669.5000 34
670.0000 28
670.5000 21
671.0000 0
671.5000 0
672.0000 0
672.5000 0
673.0000 1
673.5000 1
674.0000 0
674.5000 0
675.0000 0
675.5000 0
676.0000 0
676.5000 1
677.0000 0
677.5000 0
678.0000 1
678.5000 0
679.0000 0
679.5000 0
680.0000 0
680.5000 0
681.0000 0
681.5000 1
682.0000 0
682.5000 1
683.0000 0
683.5000 0
684.0000 1
684.5000 0
685.0000 0
685.5000 1
686.0000 0
686.5000 1
687.0000 0
687.5000 1
688.0000 1
688.5000 0
689.0000 0
689.5000 0
690.0000 0
690.5000 1
691.0000 0
691.5000 3
692.0000 0
692.5000 1
693.0000 1
693.5000 1
694.0000 1
694.5000 0
695.0000 2
695.5000 2
696.0000 2
696.5000 1
697.0000 2
697.5000 4
698.0000 2
698.5000 8
699.0000 2
699.5000 4
700.0000 1
700.5000 5
701.0000 4
701.5000 5
702.0000 6
702.5000 1
703.0000 1
703.5000 6
704.0000 3
704.5000 2
705.0000 5
705.5000 3
706.0000 2
706.5000 5
707.0000 4
707.5000 4
708.0000 6
708.5000 9
709.0000 5
709.5000 6
710.0000 7
710.5000 8
711.0000 6
711.5000 7
712.0000 11
712.5000 6
713.0000 5
713.5000 7
714.0000 7
714.5000 12
715.0000 14
715.5000 6
716.0000 11
716.5000 4
717.0000 12
717.5000 7
718.0000 10
718.5000 8
719.0000 12
719.5000 11
720.0000 12
720.5000 13
721.0000 12
721.5000 6
722.0000 15
722.5000 5
723.0000 18
723.5000 9
724.0000 8
724.5000 14
725.0000 9
725.5000 22
726.0000 13
726.5000 12
727.0000 16
727.5000 15
728.0000 9
728.5000 14
729.0000 13
729.5000 9
730.0000 13
730.5000 11
731.0000 13
731.5000 20
732.0000 17
732.5000 16
733.0000 11
733.5000 14
734.0000 16
734.5000 13
735.0000 14
735.5000 20
736.0000 17
736.5000 15
737.0000 15
737.5000 14
738.0000 13
738.5000 12
739.0000 20
739.5000 15
740.0000 14
740.5000 17
741.0000 8
741.5000 12
742.0000 13
742.5000 12
743.0000 18
743.5000 19
744.0000 14
744.5000 21
745.0000 25
745.5000 17
746.0000 14
746.5000 24
747.0000 21
747.5000 17
748.0000 18
748.5000 21
749.0000 12
749.5000 11
750.0000 15
750.5000 23
751.0000 16
751.5000 17
752.0000 21
752.5000 19
753.0000 17
753.5000 14
754.0000 26
754.5000 17
755.0000 14
755.5000 25
756.0000 29
756.5000 23
757.0000 15
757.5000 18
758.0000 22
758.5000 18
759.0000 20
759.5000 11
760.0000 23
760.5000 15
761.0000 29
761.5000 24
762.0000 15
762.5000 20
763.0000 17
763.5000 14
764.0000 12
764.5000 17
765.0000 14
765.5000 16
766.0000 23
766.5000 17
767.0000 21
767.5000 18
768.0000 20
768.5000 29
769.0000 21
769.5000 24
770.0000 23
770.5000 11
771.0000 24
771.5000 28
772.0000 19
772.5000 17
773.0000 19
773.5000 16
774.0000 18
774.5000 28
775.0000 28
775.5000 24
776.0000 25
776.5000 18
777.0000 20
777.5000 20
778.0000 26
778.5000 30
779.0000 22
779.5000 25
780.0000 22
780.5000 29
781.0000 23
781.5000 25
782.0000 27
782.5000 20
783.0000 26
783.5000 19
784.0000 25
784.5000 25
785.0000 23
785.5000 21
786.0000 19
786.5000 22
787.0000 17
787.5000 28
788.0000 25
788.5000 19
789.0000 20
789.5000 24
790.0000 21
790.5000 22
791.0000 26
791.5000 27
792.0000 27
792.5000 27
793.0000 27
793.5000 25
794.0000 24
794.5000 28
795.0000 16
795.5000 27
796.0000 33
796.5000 29
797.0000 23
797.5000 18
798.0000 24
798.5000 30
799.0000 19
799.5000 24
800.0000 20
800.5000 23
801.0000 37
801.5000 25
802.0000 25
802.5000 28
803.0000 24
803.5000 20
804.0000 29
804.5000 22
805.0000 34
805.5000 19
806.0000 32
806.5000 27
807.0000 22
807.5000 27
808.0000 24
808.5000 15
809.0000 27
809.5000 25
810.0000 20
810.5000 34
811.0000 24
811.5000 33
812.0000 23
812.5000 22
813.0000 32
813.5000 26
814.0000 25
814.5000 31
815.0000 23
815.5000 28
816.0000 30
816.5000 27
817.0000 22
817.5000 29
818.0000 32
818.5000 25
819.0000 32
819.5000 33
820.0000 29
820.5000 38
821.0000 34
821.5000 35
822.0000 26
822.5000 28
823.0000 25
823.5000 32
824.0000 24
824.5000 34
825.0000 29
825.5000 46
826.0000 40
826.5000 33
827.0000 28
827.5000 29
828.0000 23
828.5000 33
829.0000 32
829.5000 30
830.0000 27
830.5000 27
831.0000 30
831.5000 26
832.0000 39
832.5000 42
833.0000 22
833.5000 24
834.0000 31
834.5000 25
835.0000 35
835.5000 19
836.0000 27
836.5000 41
837.0000 37
837.5000 28
838.0000 22
838.5000 38
839.0000 32
839.5000 33
840.0000 26
840.5000 29
841.0000 0
841.5000 0
842.0000 1
842.5000 0
843.0000 0
843.5000 1
844.0000 1
844.5000 0
845.0000 0
845.5000 0
846.0000 0
846.5000 0
847.0000 0
847.5000 0
848.0000 0
848.5000 0
849.0000 1
849.5000 0
850.0000 0
850.5000 0
851.0000 1
851.5000 0
852.0000 0
852.5000 0
853.0000 0
853.5000 0
854.0000 1
854.5000 1
855.0000 1
855.5000 0
856.0000 2
856.5000 0
857.0000 1
857.5000 0
858.0000 0
858.5000 0
859.0000 0
859.5000 0
860.0000 0
860.5000 0
861.0000 1
861.5000 2
862.0000 1
862.5000 1
863.0000 1
863.5000 4
864.0000 0
864.5000 1
865.0000 1
865.5000 1
866.0000 2
866.5000 1
867.0000 1
867.5000 1
868.0000 1
868.5000 1
869.0000 3
869.5000 2
870.0000 2
870.5000 8
871.0000 5
871.5000 4
872.0000 3
872.5000 1
873.0000 4
873.5000 2
874.0000 5
874.5000 1
875.0000 5
875.5000 7
876.0000 14
876.5000 3
877.0000 8
877.5000 7
878.0000 3
878.5000 3
879.0000 4
879.5000 6
880.0000 11
880.5000 3
881.0000 4
881.5000 8
882.0000 12
882.5000 4
883.0000 8
883.5000 9
884.0000 14
884.5000 9
885.0000 6
885.5000 10
886.0000 5
886.5000 7
887.0000 6
887.5000 11
888.0000 18
888.5000 12
889.0000 11
889.5000 12
890.0000 7
890.5000 12
891.0000 16
891.5000 7
892.0000 17
892.5000 8
893.0000 11
893.5000 9
894.0000 17
894.5000 14
895.0000 10
895.5000 16
896.0000 17
896.5000 11
897.0000 12
897.5000 18
898.0000 14
898.5000 18
899.0000 4
899.5000 14
900.0000 9
900.5000 9
901.0000 14
901.5000 6
902.0000 22
902.5000 15
903.0000 18
903.5000 18
904.0000 10
904.5000 14
905.0000 15
905.5000 11
906.0000 12
906.5000 13
907.0000 21
907.5000 12
908.0000 17
908.5000 11
909.0000 12
909.5000 15
910.0000 18
910.5000 16
911.0000 17
911.5000 17
912.0000 16
912.5000 21
913.0000 10
913.5000 20
914.0000 13
914.5000 17
915.0000 22
915.5000 25
916.0000 19
916.5000 17
917.0000 19
917.5000 21
918.0000 14
918.5000 21
919.0000 20
919.5000 20
920.0000 13
920.5000 22
921.0000 25
921.5000 19
922.0000 30
922.5000 16
923.0000 18
923.5000 15
924.0000 20
924.5000 19
925.0000 19
925.5000 21
926.0000 16
926.5000 14
927.0000 11
927.5000 15
928.0000 28
928.5000 23
929.0000 23
929.5000 19
930.0000 21
930.5000 19
931.0000 25
931.5000 24
932.0000 24
932.5000 20
933.0000 22
933.5000 22
934.0000 11
934.5000 17
935.0000 22
935.5000 19
936.0000 16
936.5000 19
937.0000 20
937.5000 26
938.0000 28
938.5000 19
939.0000 23
939.5000 27
940.0000 25
940.5000 21
941.0000 22
941.5000 21
942.0000 23
942.5000 34
943.0000 23
943.5000 17
944.0000 14
944.5000 17
945.0000 20
945.5000 20
946.0000 18
946.5000 22
947.0000 21
947.5000 24
948.0000 23
948.5000 20
949.0000 26
949.5000 31
950.0000 19
950.5000 23
951.0000 22
951.5000 27
952.0000 18
952.5000 30
953.0000 26
953.5000 21
954.0000 27
954.5000 21
955.0000 20
955.5000 22
956.0000 26
956.5000 23
957.0000 29
957.5000 28
958.0000 21
958.5000 26
959.0000 21
959.5000 25
960.0000 18
960.5000 24
961.0000 22
961.5000 23
962.0000 17
962.5000 27
963.0000 25
963.5000 26
964.0000 21
964.5000 27
965.0000 30
965.5000 20
966.0000 28
966.5000 28
967.0000 33
967.5000 19
968.0000 22
968.5000 30
969.0000 16
969.5000 26
970.0000 24
970.5000 24
971.0000 24
971.5000 27
972.0000 37
972.5000 20
973.0000 30
973.5000 25
974.0000 23
974.5000 20
975.0000 21
975.5000 37
976.0000 25
976.5000 26
977.0000 19
977.5000 23
978.0000 21
978.5000 28
979.0000 24
979.5000 32
980.0000 25
980.5000 30
981.0000 24
981.5000 29
982.0000 24
982.5000 28
983.0000 23
983.5000 17
984.0000 27
984.5000 24
985.0000 25
985.5000 23
986.0000 23
986.5000 36
987.0000 26
987.5000 27
988.0000 34
988.5000 24
989.0000 26
989.5000 17
990.0000 27
990.5000 29
991.0000 30
991.5000 29
992.0000 32
992.5000 29
993.0000 22
993.5000 22
994.0000 28
994.5000 22
995.0000 32
995.5000 27
996.0000 18
996.5000 36
997.0000 20
997.5000 27
998.0000 31
998.5000 30
999.0000 29
999.5000 15
1000.0000 32
1000.5000 34
1001.0000 21
1001.5000 26
1002.0000 21
1002.5000 19
1003.0000 35
1003.5000 26
1004.0000 39
1004.5000 22
1005.0000 17
1005.5000 21
1006.0000 27
1006.5000 46
1007.0000 33
1007.5000 33
1008.0000 30
1008.5000 39
1009.0000 20
1009.5000 28
1010.0000 33
1010.5000 17
1011.0000 0
1011.5000 2
1012.0000 0
1012.5000 1
1013.0000 1
1013.5000 0
1014.0000 0
1014.5000 0
1015.0000 1
1015.5000 0
1016.0000 0
1016.5000 1
1017.0000 0
1017.5000 0
1018.0000 0
1018.5000 0
1019.0000 0
1019.5000 0
1020.0000 0
1020.5000 0
1021.0000 0
1021.5000 0
1022.0000 0
1022.5000 1
1023.0000 1
1023.5000 0
1024.0000 0
1024.5000 1
1025.0000 0
1025.5000 2
1026.0000 0
1026.5000 2
1027.0000 1
1027.5000 1
1028.0000 1
1028.5000 1
1029.0000 0
1029.5000 0
1030.0000 0
1030.5000 0
1031.0000 2
1031.5000 1
1032.0000 0
1032.5000 1
1033.0000 2
1033.5000 2
1034.0000 2
1034.5000 2
1035.0000 1
1035.5000 3
1036.0000 2
1036.5000 1
1037.0000 2
1037.5000 2
1038.0000 2
1038.5000 1
1039.0000 7
1039.5000 2
1040.0000 2
1040.5000 3
1041.0000 3
1041.5000 0
1042.0000 2
1042.5000 3
1043.0000 3
1043.5000 2
1044.0000 4
1044.5000 1
1045.0000 8
1045.5000 0
1046.0000 8
1046.5000 4
1047.0000 4
1047.5000 8
1048.0000 9
1048.5000 5
1049.0000 4
1049.5000 5
1050.0000 3
1050.5000 7
1051.0000 4
1051.5000 7
1052.0000 8
1052.5000 11
1053.0000 7
1053.5000 7
1054.0000 8
1054.5000 4
1055.0000 17
1055.5000 9
1056.0000 5
1056.5000 8
1057.0000 7
1057.5000 6
1058.0000 5
1058.5000 11
1059.0000 7
1059.5000 7
1060.0000 10
1060.5000 14
1061.0000 13
1061.5000 10
1062.0000 5
1062.5000 10
1063.0000 12
1063.5000 13
1064.0000 13
1064.5000 12
1065.0000 8
1065.5000 14
1066.0000 11
1066.5000 14
1067.0000 8
1067.5000 11
1068.0000 18
1068.5000 12
1069.0000 9
1069.5000 15
1070.0000 14
1070.5000 11
1071.0000 14
1071.5000 21
1072.0000 17
1072.5000 11
1073.0000 17
1073.5000 12
1074.0000 17
1074.5000 15
1075.0000 18
1075.5000 11
1076.0000 20
1076.5000 21
1077.0000 15
1077.5000 16
1078.0000 12
1078.5000 14
1079.0000 12
1079.5000 16
1080.0000 15
1080.5000 15
1081.0000 23
1081.5000 15
1082.0000 18
1082.5000 10
1083.0000 21
1083.5000 18
1084.0000 25
1084.5000 18
1085.0000 11
1085.5000 16
1086.0000 15
1086.5000 13
1087.0000 15
1087.5000 18
1088.0000 9
1088.5000 15
1089.0000 14
1089.5000 12
1090.0000 13
1090.5000 16
1091.0000 22
1091.5000 20
1092.0000 19
1092.5000 22
1093.0000 13
1093.5000 15
1094.0000 28
1094.5000 15
1095.0000 14
1095.5000 16
1096.0000 17
1096.5000 16
1097.0000 17
1097.5000 19
1098.0000 20
1098.5000 15
1099.0000 28
1099.5000 19
1100.0000 25
1100.5000 22
1101.0000 19
1101.5000 24
1102.0000 18
1102.5000 16
1103.0000 20
1103.5000 24
1104.0000 20
1104.5000 21
1105.0000 26
1105.5000 24
1106.0000 24
1106.5000 25
1107.0000 17
1107.5000 16
1108.0000 20
1108.5000 19
1109.0000 26
1109.5000 14
1110.0000 25
1110.5000 21
1111.0000 23
1111.5000 25
1112.0000 30
1112.5000 30
1113.0000 32
1113.5000 21
1114.0000 19
1114.5000 27
1115.0000 19
1115.5000 24
1116.0000 18
1116.5000 25
1117.0000 20
1117.5000 23
1118.0000 22
1118.5000 17
1119.0000 18
1119.5000 19
1120.0000 25
1120.5000 17
1121.0000 26
1121.5000 28
1122.0000 22
1122.5000 25
1123.0000 28
1123.5000 25
1124.0000 19
1124.5000 21
1125.0000 32
1125.5000 27
1126.0000 17
1126.5000 22
1127.0000 29
1127.5000 24
1128.0000 27
1128.5000 20
1129.0000 19
1129.5000 24
1130.0000 24
1130.5000 24
1131.0000 19
1131.5000 17
1132.0000 32
1132.5000 17
1133.0000 20
1133.5000 35
1134.0000 23
1134.5000 22
1135.0000 23
1135.5000 19
1136.0000 27
1136.5000 20
1137.0000 33
1137.5000 28
1138.0000 26
1138.5000 31
1139.0000 26
1139.5000 27
1140.0000 29
1140.5000 26
1141.0000 21
1141.5000 36
1142.0000 24
1142.5000 27
1143.0000 35
1143.5000 25
1144.0000 33
1144.5000 25
1145.0000 26
1145.5000 33
1146.0000 18
1146.5000 24
1147.0000 21
1147.5000 31
1148.0000 23
1148.5000 26
1149.0000 24
1149.5000 18
1150.0000 22
1150.5000 33
1151.0000 27
1151.5000 13
1152.0000 31
1152.5000 18
1153.0000 18
1153.5000 26
1154.0000 33
1154.5000 33
1155.0000 25
1155.5000 24
1156.0000 25
1156.5000 30
1157.0000 32
1157.5000 29
1158.0000 32
1158.5000 30
1159.0000 29
1159.5000 25
1160.0000 31
1160.5000 22
1161.0000 24
1161.5000 24
1162.0000 26
1162.5000 31
1163.0000 20
1163.5000 19
1164.0000 25
1164.5000 25
1165.0000 31
1165.5000 38
1166.0000 30
1166.5000 26
1167.0000 14
1167.5000 34
1168.0000 23
1168.5000 31
1169.0000 33
1169.5000 30
1170.0000 13
1170.5000 31
1171.0000 36
1171.5000 29
1172.0000 27
1172.5000 17
1173.0000 33
1173.5000 34
1174.0000 27
1174.5000 32
1175.0000 24
1175.5000 25
1176.0000 36
1176.5000 25
1177.0000 35
1177.5000 31
1178.0000 36
1178.5000 30
1179.0000 30
1179.5000 33
1180.0000 23
1180.5000 37
1181.0000 0
1181.5000 0
1182.0000 0
1182.5000 0
1183.0000 0
1183.5000 0
1184.0000 0
1184.5000 0
1185.0000 1
1185.5000 0
1186.0000 0
1186.5000 0
1187.0000 1
1187.5000 0
1188.0000 0
1188.5000 0
1189.0000 0
1189.5000 0
1190.0000 1
1190.5000 0
1191.0000 1
1191.5000 0
1192.0000 1
1192.5000 0
1193.0000 0
1193.5000 0
1194.0000 1
1194.5000 0
1195.0000 0
1195.5000 0
1196.0000 1
1196.5000 0
1197.0000 0
1197.5000 0
1198.0000 2
1198.5000 0
1199.0000 1
1199.5000 2
1200.0000 1
1200.5000 0
1201.0000 0
1201.5000 0
1202.0000 0
1202.5000 0
1203.0000 3
1203.5000 1
1204.0000 1
1204.5000 0
1205.0000 0
1205.5000 2
1206.0000 0
1206.5000 3
1207.0000 1
1207.5000 1
1208.0000 2
1208.5000 2
1209.0000 3
1209.5000 1
1210.0000 1
1210.5000 5
1211.0000 3
1211.5000 3
1212.0000 0
1212.5000 3
1213.0000 2
1213.5000 2
1214.0000 4
1214.5000 3
1215.0000 3
1215.5000 1
1216.0000 2
1216.5000 3
1217.0000 8
1217.5000 4
1218.0000 7
1218.5000 5
1219.0000 6
1219.5000 7
1220.0000 10
1220.5000 6
1221.0000 8
1221.5000 5
1222.0000 5
1222.5000 5
1223.0000 5
1223.5000 4
1224.0000 9
1224.5000 7
1225.0000 6
1225.5000 6
1226.0000 8
1226.5000 4
1227.0000 9
1227.5000 8
1228.0000 9
1228.5000 13
1229.0000 6
1229.5000 9
1230.0000 14
1230.5000 5
1231.0000 5
1231.5000 7
1232.0000 16
1232.5000 13
1233.0000 9
1233.5000 11
1234.0000 5
1234.5000 12
1235.0000 13
1235.5000 6
1236.0000 9
1236.5000 11
1237.0000 12
1237.5000 7
1238.0000 10
1238.5000 14
1239.0000 20
1239.5000 13
1240.0000 10
1240.5000 11
1241.0000 13
1241.5000 15
1242.0000 16
1242.5000 12
1243.0000 10
1243.5000 8
1244.0000 13
1244.5000 17
1245.0000 16
1245.5000 15
1246.0000 18
1246.5000 25
1247.0000 18
1247.5000 12
1248.0000 14
1248.5000 15
1249.0000 13
1249.5000 16
1250.0000 12
1250.5000 13
1251.0000 14
1251.5000 13
1252.0000 17
1252.5000 13
1253.0000 20
1253.5000 18
1254.0000 16
1254.5000 15
1255.0000 17
1255.5000 22
1256.0000 22
1256.5000 14
1257.0000 18
1257.5000 17
1258.0000 16
1258.5000 24
1259.0000 16
1259.5000 21
1260.0000 10
1260.5000 16
1261.0000 16
1261.5000 18
1262.0000 16
1262.5000 16
1263.0000 24
1263.5000 19
1264.0000 17
1264.5000 14
1265.0000 14
1265.5000 25
1266.0000 16
1266.5000 21
1267.0000 11
1267.5000 14
1268.0000 15
1268.5000 18
1269.0000 18
1269.5000 16
1270.0000 22
1270.5000 18
1271.0000 19
1271.5000 17
1272.0000 21
1272.5000 15
1273.0000 20
1273.5000 12
1274.0000 33
1274.5000 25
1275.0000 26
1275.5000 18
1276.0000 20
1276.5000 23
1277.0000 22
1277.5000 19
1278.0000 20
1278.5000 30
1279.0000 26
1279.5000 30
1280.0000 14
1280.5000 20
1281.0000 23
1281.5000 27
1282.0000 20
1282.5000 28
1283.0000 25
1283.5000 20
1284.0000 16
1284.5000 18
1285.0000 18
1285.5000 26
1286.0000 22
1286.5000 18
1287.0000 22
1287.5000 24
1288.0000 20
1288.5000 24
1289.0000 18
1289.5000 17
1290.0000 34
1290.5000 14
1291.0000 18
1291.5000 21
1292.0000 20
1292.5000 30
1293.0000 18
1293.5000 27
1294.0000 19
1294.5000 28
1295.0000 13
1295.5000 17
1296.0000 28
1296.5000 25
1297.0000 25
1297.5000 27
1298.0000 16
1298.5000 20
1299.0000 30
1299.5000 24
1300.0000 20
1300.5000 26
1301.0000 23
1301.5000 17
1302.0000 24
1302.5000 22
1303.0000 22
1303.5000 27
1304.0000 27
1304.5000 16
1305.0000 24
1305.5000 25
1306.0000 28
1306.5000 30
1307.0000 23
1307.5000 26
1308.0000 32
1308.5000 24
1309.0000 26
1309.5000 22
1310.0000 26
1310.5000 23
1311.0000 25
1311.5000 15
1312.0000 23
1312.5000 16
1313.0000 29
1313.5000 26
1314.0000 21
1314.5000 24
1315.0000 25
1315.5000 33
1316.0000 28
1316.5000 30
1317.0000 28
1317.5000 27
1318.0000 17
1318.5000 19
1319.0000 22
1319.5000 36
1320.0000 23
1320.5000 21
1321.0000 31
1321.5000 25
1322.0000 22
1322.5000 38
1323.0000 25
1323.5000 21
1324.0000 24
1324.5000 24
1325.0000 29
1325.5000 23
1326.0000 27
1326.5000 19
1327.0000 28
1327.5000 27
1328.0000 28
1328.5000 37
1329.0000 20
1329.5000 28
1330.0000 20
1330.5000 21
1331.0000 22
1331.5000 19
1332.0000 18
1332.5000 25
1333.0000 25
1333.5000 25
1334.0000 27
1334.5000 34
1335.0000 31
1335.5000 25
1336.0000 26
1336.5000 22
1337.0000 20
1337.5000 31
1338.0000 31
1338.5000 33
1339.0000 27
1339.5000 35
1340.0000 34
1340.5000 28
1341.0000 35
1341.5000 31
1342.0000 34
1342.5000 33
1343.0000 32
1343.5000 20
1344.0000 34
1344.5000 30
1345.0000 25
1345.5000 35
1346.0000 25
1346.5000 29
1347.0000 29
1347.5000 26
1348.0000 25
1348.5000 31
1349.0000 32
1349.5000 35
1350.0000 26
1350.5000 21
1351.0000 1
1351.5000 1
1352.0000 1
1352.5000 0
1353.0000 0
1353.5000 1
1354.0000 0
1354.5000 0
1355.0000 0
1355.5000 0
1356.0000 0
1356.5000 0
1357.0000 0
1357.5000 0
1358.0000 1
1358.5000 0
1359.0000 0
1359.5000 0
1360.0000 0
1360.5000 0
1361.0000 1
1361.5000 0
1362.0000 0
1362.5000 0
1363.0000 0
1363.5000 0
1364.0000 0
1364.5000 0
1365.0000 1
1365.5000 0
1366.0000 0
1366.5000 0
1367.0000 0
1367.5000 0
1368.0000 0
1368.5000 0
1369.0000 0
1369.5000 0
1370.0000 0
1370.5000 2
1371.0000 0
1371.5000 0
1372.0000 2
1372.5000 1
1373.0000 0
1373.5000 1
1374.0000 0
1374.5000 1
1375.0000 0
1375.5000 0
1376.0000 1
1376.5000 2
1377.0000 1
1377.5000 3
1378.0000 2
1378.5000 2
1379.0000 2
1379.5000 1
1380.0000 3
1380.5000 5
1381.0000 3
1381.5000 2
1382.0000 1
1382.5000 1
1383.0000 5
1383.5000 4
1384.0000 1
1384.5000 3
1385.0000 3
1385.5000 1
1386.0000 2
1386.5000 6
1387.0000 1
1387.5000 4
1388.0000 7
1388.5000 11
1389.0000 2
1389.5000 5
1390.0000 9
1390.5000 6
1391.0000 7
1391.5000 6
1392.0000 7
1392.5000 14
1393.0000 5
1393.5000 10
1394.0000 9
1394.5000 5
1395.0000 9
1395.5000 4
1396.0000 9
1396.5000 7
1397.0000 11
1397.5000 15
1398.0000 7
1398.5000 7
1399.0000 15
1399.5000 11
1400.0000 6
1400.5000 13
1401.0000 14
1401.5000 11
1402.0000 4
1402.5000 13
1403.0000 11
1403.5000 11
1404.0000 9
1404.5000 9
1405.0000 15
1405.5000 9
1406.0000 16
1406.5000 10
1407.0000 18
1407.5000 15
1408.0000 10
1408.5000 14
1409.0000 7
1409.5000 13
1410.0000 16
1410.5000 10
1411.0000 10
1411.5000 23
1412.0000 6
1412.5000 15
1413.0000 11
1413.5000 13
1414.0000 14
1414.5000 7
1415.0000 17
1415.5000 9
1416.0000 23
1416.5000 11
1417.0000 17
1417.5000 11
1418.0000 14
1418.5000 23
1419.0000 10
1419.5000 6
1420.0000 19
1420.5000 12
1421.0000 12
1421.5000 14
1422.0000 21
1422.5000 19
1423.0000 15
1423.5000 27
1424.0000 18
1424.5000 14
1425.0000 13
1425.5000 19
1426.0000 13
1426.5000 18
1427.0000 11
1427.5000 15
1428.0000 18
1428.5000 17
1429.0000 13
1429.5000 16
1430.0000 24
1430.5000 17
1431.0000 21
1431.5000 21
1432.0000 21
1432.5000 17
1433.0000 20
1433.5000 20
1434.0000 21
1434.5000 10
1435.0000 21
1435.5000 21
1436.0000 23
1436.5000 14
1437.0000 17
1437.5000 19
1438.0000 14
1438.5000 18
1439.0000 24
1439.5000 17
1440.0000 24
1440.5000 16
1441.0000 15
1441.5000 28
1442.0000 21
1442.5000 17
1443.0000 15
1443.5000 19
1444.0000 31
1444.5000 22
1445.0000 21
1445.5000 11
1446.0000 25
1446.5000 25
1447.0000 24
1447.5000 24
1448.0000 26
1448.5000 23
1449.0000 25
1449.5000 23
1450.0000 21
1450.5000 14
1451.0000 24
1451.5000 21
1452.0000 24
1452.5000 28
1453.0000 27
1453.5000 14
1454.0000 16
1454.5000 14
1455.0000 17
1455.5000 17
1456.0000 27
1456.5000 26
1457.0000 23
1457.5000 19
1458.0000 22
1458.5000 29
1459.0000 21
1459.5000 28
1460.0000 19
1460.5000 23
1461.0000 21
1461.5000 21
1462.0000 17
1462.5000 29
1463.0000 25
1463.5000 18
1464.0000 24
1464.5000 21
1465.0000 24
1465.5000 23
1466.0000 25
1466.5000 20
1467.0000 24
1467.5000 22
1468.0000 27
1468.5000 19
1469.0000 23
1469.5000 26
1470.0000 28
1470.5000 35
1471.0000 17
1471.5000 17
1472.0000 23
1472.5000 17
1473.0000 23
1473.5000 35
1474.0000 32
1474.5000 21
1475.0000 24
1475.5000 27
1476.0000 20
1476.5000 18
1477.0000 24
1477.5000 28
1478.0000 23
1478.5000 26
1479.0000 26
1479.5000 26
1480.0000 28
1480.5000 24
1481.0000 34
1481.5000 18
1482.0000 22
1482.5000 21
1483.0000 34
1483.5000 31
1484.0000 22
1484.5000 29
1485.0000 23
1485.5000 27
1486.0000 28
1486.5000 23
1487.0000 20
1487.5000 31
1488.0000 24
1488.5000 30
1489.0000 24
1489.5000 30
1490.0000 25
1490.5000 25
1491.0000 28
1491.5000 25
1492.0000 38
1492.5000 19
1493.0000 21
1493.5000 24
1494.0000 22
1494.5000 24
1495.0000 24
1495.5000 24
1496.0000 33
1496.5000 34
1497.0000 16
1497.5000 20
1498.0000 28
1498.5000 28
1499.0000 24
1499.5000 36
1500.0000 28
1500.5000 25
1501.0000 28
1501.5000 18
1502.0000 24
1502.5000 21
1503.0000 26
1503.5000 28
1504.0000 30
1504.5000 24
1505.0000 32
1505.5000 26
1506.0000 21
1506.5000 27
1507.0000 20
1507.5000 22
1508.0000 28
1508.5000 27
1509.0000 31
1509.5000 26
1510.0000 27
1510.5000 32
1511.0000 24
1511.5000 41
1512.0000 35
1512.5000 38
1513.0000 20
1513.5000 36
1514.0000 30
1514.5000 32
1515.0000 39
1515.5000 25
1516.0000 39
1516.5000 34
1517.0000 31
1517.5000 24
1518.0000 21
1518.5000 31
1519.0000 45
1519.5000 34
1520.0000 30
1520.5000 26
1521.0000 3
1521.5000 1
1522.0000 0
1522.5000 0
1523.0000 0
1523.5000 0
1524.0000 0
1524.5000 0
1525.0000 0
1525.5000 0
1526.0000 0
1526.5000 0
1527.0000 0
1527.5000 0
1528.0000 0
1528.5000 1
1529.0000 0
1529.5000 1
1530.0000 0
1530.5000 0
1531.0000 1
1531.5000 0
1532.0000 0
1532.5000 0
1533.0000 0
1533.5000 0
1534.0000 0
1534.5000 0
1535.0000 1
1535.5000 0
1536.0000 0
1536.5000 1
1537.0000 0
1537.5000 1
1538.0000 1
1538.5000 0
1539.0000 0
1539.5000 1
1540.0000 1
1540.5000 0
1541.0000 3
1541.5000 0
1542.0000 2
1542.5000 1
1543.0000 1
1543.5000 2
1544.0000 2
1544.5000 3
1545.0000 1
1545.5000 2
1546.0000 0
1546.5000 0
1547.0000 2
1547.5000 1
1548.0000 3
1548.5000 0
1549.0000 2
1549.5000 4
1550.0000 2
1550.5000 1
1551.0000 2
1551.5000 1
1552.0000 3
1552.5000 4
1553.0000 1
1553.5000 3
1554.0000 5
1554.5000 4
1555.0000 6
1555.5000 4
1556.0000 6
1556.5000 4
1557.0000 9
1557.5000 3
1558.0000 3
1558.5000 6
1559.0000 12
1559.5000 8
1560.0000 7
1560.5000 8
1561.0000 11
1561.5000 7
1562.0000 5
1562.5000 9
1563.0000 8
1563.5000 7
1564.0000 3
1564.5000 5
1565.0000 6
1565.5000 6
1566.0000 9
1566.5000 5
1567.0000 5
1567.5000 12
1568.0000 14
1568.5000 7
1569.0000 11
1569.5000 12
1570.0000 11
1570.5000 9
1571.0000 10
1571.5000 15
1572.0000 11
1572.5000 11
1573.0000 19
1573.5000 17
1574.0000 12
1574.5000 11
1575.0000 13
1575.5000 4
1576.0000 12
1576.5000 13
1577.0000 6
1577.5000 11
1578.0000 8
1578.5000 17
1579.0000 13
1579.5000 19
1580.0000 13
1580.5000 13
1581.0000 13
1581.5000 12
1582.0000 17
1582.5000 15
1583.0000 15
1583.5000 18
1584.0000 10
1584.5000 10
1585.0000 13
1585.5000 17
1586.0000 16
1586.5000 24
1587.0000 11
1587.5000 18
1588.0000 16
1588.5000 13
1589.0000 19
1589.5000 16
1590.0000 20
1590.5000 15
1591.0000 18
1591.5000 16
1592.0000 10
1592.5000 20
1593.0000 20
1593.5000 15
1594.0000 16
1594.5000 10
1595.0000 13
1595.5000 24
1596.0000 13
1596.5000 20
1597.0000 15
1597.5000 15
1598.0000 28
1598.5000 19
1599.0000 23
1599.5000 10
1600.0000 16
1600.5000 27
1601.0000 16
1601.5000 12
1602.0000 10
1602.5000 17
1603.0000 19
1603.5000 15
1604.0000 25
1604.5000 14
1605.0000 17
1605.5000 16
1606.0000 21
1606.5000 20
1607.0000 16
1607.5000 20
1608.0000 18
1608.5000 21
1609.0000 26
1609.5000 19
1610.0000 22
1610.5000 13
1611.0000 17
1611.5000 17
1612.0000 12
1612.5000 19
1613.0000 14
1613.5000 30
1614.0000 20
1614.5000 18
1615.0000 13
1615.5000 27
1616.0000 19
1616.5000 20
1617.0000 17
1617.5000 17
1618.0000 24
1618.5000 25
1619.0000 17
1619.5000 16
1620.0000 17
1620.5000 19
1621.0000 11
1621.5000 29
1622.0000 39
1622.5000 33
1623.0000 23
1623.5000 25
1624.0000 23
1624.5000 29
1625.0000 23
1625.5000 19
1626.0000 29
1626.5000 19
1627.0000 21
1627.5000 22
1628.0000 18
1628.5000 32
1629.0000 23
1629.5000 22
1630.0000 25
1630.5000 18
1631.0000 20
1631.5000 22
1632.0000 24
1632.5000 27
1633.0000 21
1633.5000 22
1634.0000 23
1634.5000 22
1635.0000 21
1635.5000 17
1636.0000 22
1636.5000 29
1637.0000 25
1637.5000 24
1638.0000 25
1638.5000 26
1639.0000 24
1639.5000 26
1640.0000 23
1640.5000 21
1641.0000 20
1641.5000 20
1642.0000 21
1642.5000 27
1643.0000 21
1643.5000 25
1644.0000 21
1644.5000 20
1645.0000 30
1645.5000 35
1646.0000 20
1646.5000 38
1647.0000 21
1647.5000 24
1648.0000 19
1648.5000 14
1649.0000 22
1649.5000 21
1650.0000 22
1650.5000 23
1651.0000 15
1651.5000 22
1652.0000 17
1652.5000 24
1653.0000 27
1653.5000 34
1654.0000 23
1654.5000 23
1655.0000 24
1655.5000 30
1656.0000 27
1656.5000 33
1657.0000 23
1657.5000 27
1658.0000 21
1658.5000 29
1659.0000 23
1659.5000 28
1660.0000 35
1660.5000 35
1661.0000 26
1661.5000 26
1662.0000 24
1662.5000 22
1663.0000 27
1663.5000 16
1664.0000 35
1664.5000 24
1665.0000 27
1665.5000 20
1666.0000 29
1666.5000 25
1667.0000 22
1667.5000 21
1668.0000 24
1668.5000 35
1669.0000 25
1669.5000 28
1670.0000 28
1670.5000 26
1671.0000 28
1671.5000 28
1672.0000 31
1672.5000 32
1673.0000 34
1673.5000 25
1674.0000 26
1674.5000 31
1675.0000 30
1675.5000 26
1676.0000 33
1676.5000 39
1677.0000 27
1677.5000 30
1678.0000 17
1678.5000 18
1679.0000 29
1679.5000 29
1680.0000 31
1680.5000 28
1681.0000 24
1681.5000 31
1682.0000 36
1682.5000 23
1683.0000 29
1683.5000 37
1684.0000 27
1684.5000 34
1685.0000 21
1685.5000 27
1686.0000 24
1686.5000 24
1687.0000 32
1687.5000 29
1688.0000 37
1688.5000 27
1689.0000 36
1689.5000 26
1690.0000 32
1690.5000 26
1691.0000 1
1691.5000 0
1692.0000 1
1692.5000 0
1693.0000 0
1693.5000 0
1694.0000 1
1694.5000 0
1695.0000 1
1695.5000 0
1696.0000 0
1696.5000 0
1697.0000 0
1697.5000 0
1698.0000 0
1698.5000 0
1699.0000 0
1699.5000 1
