0.0000 0
0.5000 1
1.0000 1
1.5000 0
2.0000 0
2.5000 1
3.0000 2
3.5000 1
4.0000 1
4.5000 2
5.0000 0
5.5000 1
6.0000 0
6.5000 1
7.0000 2
7.5000 0
8.0000 2
8.5000 1
9.0000 1
9.5000 1
10.0000 2
10.5000 1
11.0000 1
11.5000 2
12.0000 3
12.5000 1
13.0000 1
13.5000 0
14.0000 0
14.5000 1
15.0000 1
15.5000 2
16.0000 1
16.5000 0
17.0000 0
17.5000 2
18.0000 0
18.5000 1
19.0000 0
19.5000 0
20.0000 0
20.5000 1
21.0000 1
21.5000 0
22.0000 0
22.5000 0
23.0000 2
23.5000 0
24.0000 2
24.5000 0
25.0000 3
25.5000 1
26.0000 0
26.5000 3
27.0000 1
27.5000 2
28.0000 2
28.5000 1
29.0000 0
29.5000 1
30.0000 1
30.5000 0
31.0000 2
31.5000 6
32.0000 4
32.5000 3
33.0000 2
33.5000 7
34.0000 6
34.5000 3
35.0000 3
35.5000 6
36.0000 2
36.5000 1
37.0000 3
37.5000 4
38.0000 1
38.5000 3
39.0000 4
39.5000 3
40.0000 3
40.5000 7
41.0000 10
41.5000 3
42.0000 3
42.5000 7
43.0000 4
43.5000 2
44.0000 3
44.5000 2
45.0000 2
45.5000 0
46.0000 4
46.5000 0
47.0000 4
47.5000 2
48.0000 4
48.5000 7
49.0000 7
49.5000 8
50.0000 2
50.5000 11
51.0000 5
51.5000 2
52.0000 8
52.5000 10
53.0000 7
53.5000 9
54.0000 7
54.5000 6
55.0000 6
55.5000 10
56.0000 13
56.5000 12
57.0000 11
57.5000 11
58.0000 15
58.5000 9
59.0000 9
59.5000 9
60.0000 10
60.5000 15
61.0000 10
61.5000 10
62.0000 15
62.5000 17
63.0000 16
63.5000 18
64.0000 18
64.5000 24
65.0000 16
65.5000 24
66.0000 13
66.5000 20
67.0000 13
67.5000 21
68.0000 26
68.5000 26
69.0000 20
69.5000 20
70.0000 26
70.5000 18
71.0000 28
71.5000 30
72.0000 34
72.5000 32
73.0000 29
73.5000 26
74.0000 35
74.5000 31
75.0000 33
75.5000 36
76.0000 28
76.5000 33
77.0000 33
77.5000 35
78.0000 39
78.5000 50
79.0000 32
79.5000 37
80.0000 45
80.5000 52
81.0000 40
81.5000 39
82.0000 44
82.5000 54
83.0000 53
83.5000 57
84.0000 46
84.5000 72
85.0000 53
85.5000 48
86.0000 54
86.5000 58
87.0000 53
87.5000 54
88.0000 58
88.5000 68
89.0000 51
89.5000 74
90.0000 55
90.5000 60
91.0000 60
91.5000 51
92.0000 78
92.5000 66
93.0000 61
93.5000 80
94.0000 60
94.5000 87
95.0000 69
95.5000 62
96.0000 82
96.5000 77
97.0000 79
97.5000 76
98.0000 69
98.5000 76
99.0000 83
99.5000 96
100.0000 83
100.5000 87
101.0000 99
101.5000 93
102.0000 97
102.5000 109
103.0000 107
103.5000 98
104.0000 101
104.5000 105
105.0000 96
105.5000 89
106.0000 115
106.5000 90
107.0000 124
107.5000 115
108.0000 88
108.5000 112
109.0000 116
109.5000 119
110.0000 105
110.5000 110
111.0000 107
111.5000 110
112.0000 127
112.5000 105
113.0000 103
113.5000 139
114.0000 136
114.5000 136
115.0000 114
115.5000 132
116.0000 125
116.5000 154
117.0000 132
117.5000 138
118.0000 143
118.5000 135
119.0000 140
119.5000 145
120.0000 144
120.5000 150
121.0000 162
121.5000 136
122.0000 139
122.5000 151
123.0000 155
123.5000 135
124.0000 159
124.5000 152
125.0000 139
125.5000 143
126.0000 161
126.5000 164
127.0000 175
127.5000 176
128.0000 170
128.5000 155
129.0000 155
129.5000 179
130.0000 151
130.5000 154
131.0000 162
131.5000 182
132.0000 162
132.5000 166
133.0000 174
133.5000 180
134.0000 156
134.5000 181
135.0000 167
135.5000 190
136.0000 193
136.5000 171
137.0000 185
137.5000 182
138.0000 191
138.5000 200
139.0000 210
139.5000 193
140.0000 187
140.5000 186
141.0000 198
141.5000 181
142.0000 233
142.5000 169
143.0000 189
143.5000 232
144.0000 205
144.5000 207
145.0000 219
145.5000 202
146.0000 215
146.5000 202
147.0000 221
147.5000 230
148.0000 243
148.5000 223
149.0000 215
149.5000 196
150.0000 238
150.5000 223
151.0000 202
151.5000 243
152.0000 202
152.5000 242
153.0000 266
153.5000 257
154.0000 242
154.5000 233
155.0000 226
155.5000 246
156.0000 257
156.5000 223
157.0000 252
157.5000 226
158.0000 240
158.5000 241
159.0000 211
159.5000 280
160.0000 254
160.5000 208
161.0000 0
161.5000 0
162.0000 0
162.5000 1
163.0000 0
163.5000 1
164.0000 0
164.5000 0
165.0000 0
165.5000 0
166.0000 1
166.5000 0
167.0000 0
167.5000 0
168.0000 0
168.5000 0
169.0000 0
169.5000 1
170.0000 0
170.5000 1
171.0000 1
171.5000 0
172.0000 0
172.5000 0
173.0000 0
173.5000 0
174.0000 0
174.5000 0
175.0000 0
175.5000 1
176.0000 2
176.5000 0
177.0000 0
177.5000 0
178.0000 0
178.5000 0
179.0000 1
179.5000 0
180.0000 1
180.5000 0
181.0000 0
181.5000 0
182.0000 0
182.5000 1
183.0000 1
183.5000 0
184.0000 0
184.5000 1
185.0000 0
185.5000 0
186.0000 0
186.5000 0
187.0000 0
187.5000 0
188.0000 0
188.5000 1
189.0000 0
189.5000 0
190.0000 1
190.5000 0
191.0000 0
191.5000 0
192.0000 2
192.5000 0
193.0000 4
193.5000 1
194.0000 0
194.5000 0
195.0000 0
195.5000 0
196.0000 0
196.5000 0
197.0000 0
197.5000 1
198.0000 1
198.5000 1
199.0000 0
199.5000 0
200.0000 0
200.5000 1
201.0000 1
201.5000 0
202.0000 2
202.5000 0
203.0000 2
203.5000 1
204.0000 0
204.5000 1
205.0000 1
205.5000 0
206.0000 0
206.5000 0
207.0000 1
207.5000 1
208.0000 0
208.5000 1
209.0000 0
209.5000 1
210.0000 2
210.5000 0
211.0000 0
211.5000 0
212.0000 0
212.5000 0
213.0000 0
213.5000 0
214.0000 0
214.5000 1
215.0000 2
215.5000 0
216.0000 0
216.5000 1
217.0000 1
217.5000 0
218.0000 1
218.5000 2
219.0000 2
219.5000 1
220.0000 1
220.5000 1
221.0000 2
221.5000 4
222.0000 1
222.5000 1
223.0000 0
223.5000 5
224.0000 0
224.5000 3
225.0000 0
225.5000 4
226.0000 1
226.5000 1
227.0000 2
227.5000 0
228.0000 3
228.5000 2
229.0000 3
229.5000 0
230.0000 3
230.5000 2
231.0000 4
231.5000 1
232.0000 2
232.5000 3
233.0000 3
233.5000 7
234.0000 6
234.5000 3
235.0000 5
235.5000 3
236.0000 3
236.5000 9
237.0000 6
237.5000 5
238.0000 4
238.5000 10
239.0000 5
239.5000 11
240.0000 6
240.5000 10
241.0000 6
241.5000 11
242.0000 11
242.5000 9
243.0000 10
243.5000 10
244.0000 12
244.5000 20
245.0000 16
245.5000 14
246.0000 7
246.5000 10
247.0000 21
247.5000 17
248.0000 17
248.5000 28
249.0000 17
249.5000 17
250.0000 18
250.5000 16
251.0000 19
251.5000 22
252.0000 18
252.5000 20
253.0000 32
253.5000 36
254.0000 28
254.5000 29
255.0000 36
255.5000 29
256.0000 28
256.5000 33
257.0000 37
257.5000 29
258.0000 34
258.5000 29
259.0000 42
259.5000 29
260.0000 39
260.5000 35
261.0000 37
261.5000 38
262.0000 39
262.5000 53
263.0000 35
263.5000 43
264.0000 52
264.5000 51
265.0000 51
265.5000 63
266.0000 39
266.5000 53
267.0000 36
267.5000 56
268.0000 68
268.5000 57
269.0000 55
269.5000 59
270.0000 54
270.5000 60
271.0000 57
271.5000 64
272.0000 69
272.5000 67
273.0000 70
273.5000 72
274.0000 72
274.5000 73
275.0000 64
275.5000 65
276.0000 78
276.5000 77
277.0000 81
277.5000 79
278.0000 90
278.5000 84
279.0000 90
279.5000 87
280.0000 72
280.5000 104
281.0000 80
281.5000 89
282.0000 116
282.5000 99
283.0000 79
283.5000 82
284.0000 85
284.5000 94
285.0000 91
285.5000 127
286.0000 102
286.5000 111
287.0000 115
287.5000 110
288.0000 129
288.5000 116
289.0000 94
289.5000 119
290.0000 118
290.5000 132
291.0000 93
291.5000 114
292.0000 110
292.5000 127
293.0000 110
293.5000 119
294.0000 135
294.5000 125
295.0000 147
295.5000 134
296.0000 142
296.5000 119
297.0000 145
297.5000 131
298.0000 118
298.5000 139
299.0000 147
299.5000 151
300.0000 142
300.5000 133
301.0000 155
301.5000 123
302.0000 152
302.5000 151
303.0000 136
303.5000 120
304.0000 133
304.5000 146
305.0000 130
305.5000 153
306.0000 125
306.5000 132
307.0000 144
307.5000 141
308.0000 151
308.5000 164
309.0000 165
309.5000 177
310.0000 130
310.5000 179
311.0000 142
311.5000 176
312.0000 181
312.5000 162
313.0000 165
313.5000 199
314.0000 162
314.5000 156
315.0000 190
315.5000 178
316.0000 174
316.5000 168
317.0000 185
317.5000 155
318.0000 167
318.5000 208
319.0000 202
319.5000 172
320.0000 180
320.5000 173
321.0000 197
321.5000 205
322.0000 188
322.5000 210
323.0000 186
323.5000 199
324.0000 207
324.5000 186
325.0000 194
325.5000 225
326.0000 211
326.5000 192
327.0000 232
327.5000 187
328.0000 189
328.5000 212
329.0000 202
329.5000 202
330.0000 198
330.5000 201
331.0000 201
331.5000 212
332.0000 220
332.5000 223
333.0000 217
333.5000 232
334.0000 216
334.5000 238
335.0000 229
335.5000 268
336.0000 231
336.5000 237
337.0000 240
337.5000 222
338.0000 224
338.5000 230
339.0000 257
339.5000 226
340.0000 272
340.5000 212
341.0000 2
341.5000 0
342.0000 2
342.5000 0
343.0000 1
343.5000 0
344.0000 0
344.5000 2
345.0000 3
345.5000 0
346.0000 1
346.5000 0
347.0000 2
347.5000 2
348.0000 1
348.5000 2
349.0000 1
349.5000 2
