0.0000 2
0.5000 0
1.0000 0
1.5000 1
2.0000 1
2.5000 0
3.0000 0
3.5000 1
4.0000 1
4.5000 0
5.0000 1
5.5000 0
6.0000 0
6.5000 0
7.0000 0
7.5000 1
8.0000 1
8.5000 0
9.0000 0
9.5000 1
10.0000 1
10.5000 1
11.0000 0
11.5000 0
12.0000 2
12.5000 2
13.0000 1
13.5000 1
14.0000 0
14.5000 2
15.0000 2
15.5000 1
16.0000 3
16.5000 3
17.0000 1
17.5000 2
18.0000 1
18.5000 0
19.0000 8
19.5000 1
20.0000 0
20.5000 0
21.0000 2
21.5000 1
22.0000 1
22.5000 1
23.0000 4
23.5000 2
24.0000 0
24.5000 3
25.0000 2
25.5000 4
26.0000 2
26.5000 8
27.0000 4
27.5000 3
28.0000 0
28.5000 3
29.0000 1
29.5000 3
30.0000 4
30.5000 3
31.0000 2
31.5000 1
32.0000 2
32.5000 2
33.0000 2
33.5000 6
34.0000 3
34.5000 1
35.0000 3
35.5000 1
36.0000 1
36.5000 1
37.0000 4
37.5000 2
38.0000 3
38.5000 3
39.0000 3
39.5000 1
40.0000 1
40.5000 7
41.0000 2
41.5000 2
42.0000 6
42.5000 1
43.0000 4
43.5000 5
44.0000 4
44.5000 3
45.0000 2
45.5000 7
46.0000 1
46.5000 5
47.0000 1
47.5000 4
48.0000 7
48.5000 5
49.0000 5
49.5000 8
50.0000 3
50.5000 7
51.0000 6
51.5000 5
52.0000 7
52.5000 5
53.0000 5
53.5000 5
54.0000 7
54.5000 5
55.0000 14
55.5000 4
56.0000 9
56.5000 7
57.0000 13
57.5000 7
58.0000 6
58.5000 9
59.0000 11
59.5000 16
60.0000 10
60.5000 20
61.0000 15
61.5000 17
62.0000 13
62.5000 10
63.0000 15
63.5000 13
64.0000 21
64.5000 21
65.0000 24
65.5000 14
66.0000 19
66.5000 29
67.0000 19
67.5000 18
68.0000 21
68.5000 21
69.0000 24
69.5000 19
70.0000 24
70.5000 22
71.0000 42
71.5000 40
72.0000 28
72.5000 29
73.0000 29
73.5000 30
74.0000 26
74.5000 31
75.0000 39
75.5000 41
76.0000 41
76.5000 31
77.0000 35
77.5000 45
78.0000 41
78.5000 41
79.0000 37
79.5000 38
80.0000 40
80.5000 48
81.0000 51
81.5000 44
82.0000 39
82.5000 49
83.0000 42
83.5000 48
84.0000 41
84.5000 54
85.0000 44
85.5000 59
86.0000 61
86.5000 51
87.0000 57
87.5000 68
88.0000 67
88.5000 57
89.0000 69
89.5000 53
90.0000 63
90.5000 51
91.0000 55
91.5000 51
92.0000 60
92.5000 58
93.0000 63
93.5000 43
94.0000 80
94.5000 77
95.0000 70
95.5000 79
96.0000 82
96.5000 77
97.0000 73
97.5000 77
98.0000 65
98.5000 59
99.0000 84
99.5000 63
100.0000 84
100.5000 68
101.0000 72
101.5000 77
102.0000 77
102.5000 77
103.0000 92
103.5000 88
104.0000 91
104.5000 74
105.0000 83
105.5000 62
106.0000 80
106.5000 87
107.0000 83
107.5000 95
108.0000 84
108.5000 91
109.0000 104
109.5000 106
110.0000 94
110.5000 84
111.0000 96
111.5000 101
112.0000 78
112.5000 81
113.0000 95
113.5000 109
114.0000 90
114.5000 86
115.0000 93
115.5000 94
116.0000 102
116.5000 109
117.0000 114
117.5000 98
118.0000 92
118.5000 113
119.0000 106
119.5000 100
120.0000 119
120.5000 105
121.0000 79
121.5000 102
122.0000 110
122.5000 92
123.0000 109
123.5000 98
124.0000 98
124.5000 109
125.0000 118
125.5000 122
126.0000 119
126.5000 100
127.0000 109
127.5000 92
128.0000 114
128.5000 123
129.0000 121
129.5000 107
130.0000 130
130.5000 112
131.0000 119
131.5000 134
132.0000 144
132.5000 122
133.0000 144
133.5000 111
134.0000 103
134.5000 130
135.0000 124
135.5000 126
136.0000 126
136.5000 138
137.0000 125
137.5000 127
138.0000 117
138.5000 125
139.0000 117
139.5000 133
140.0000 142
140.5000 133
141.0000 122
141.5000 142
142.0000 142
142.5000 131
143.0000 127
143.5000 151
144.0000 132
144.5000 160
145.0000 149
145.5000 149
146.0000 128
146.5000 116
147.0000 141
147.5000 139
148.0000 131
148.5000 109
149.0000 130
149.5000 136
150.0000 161
150.5000 141
151.0000 141
151.5000 150
152.0000 136
152.5000 130
153.0000 149
153.5000 133
154.0000 146
154.5000 128
155.0000 139
155.5000 148
156.0000 139
156.5000 134
157.0000 136
157.5000 149
158.0000 157
158.5000 139
159.0000 154
159.5000 136
160.0000 162
160.5000 121
161.0000 0
161.5000 2
162.0000 1
162.5000 0
163.0000 0
163.5000 0
164.0000 0
164.5000 2
165.0000 2
165.5000 1
166.0000 0
166.5000 0
167.0000 2
167.5000 0
168.0000 1
168.5000 0
169.0000 0
169.5000 0
170.0000 0
170.5000 4
171.0000 2
171.5000 1
172.0000 1
172.5000 1
173.0000 2
173.5000 3
174.0000 0
174.5000 0
175.0000 2
175.5000 3
176.0000 0
176.5000 2
177.0000 1
177.5000 0
178.0000 3
178.5000 0
179.0000 1
179.5000 2
180.0000 0
180.5000 1
181.0000 2
181.5000 1
182.0000 2
182.5000 1
183.0000 0
183.5000 1
184.0000 1
184.5000 2
185.0000 1
185.5000 0
186.0000 2
186.5000 1
187.0000 3
187.5000 0
188.0000 1
188.5000 1
189.0000 4
189.5000 1
190.0000 2
190.5000 2
191.0000 2
191.5000 3
192.0000 3
192.5000 2
193.0000 0
193.5000 3
194.0000 4
194.5000 2
195.0000 1
195.5000 1
196.0000 2
196.5000 1
197.0000 1
197.5000 0
198.0000 1
198.5000 0
199.0000 1
199.5000 5
200.0000 5
200.5000 0
201.0000 1
201.5000 1
202.0000 2
202.5000 2
203.0000 2
203.5000 4
204.0000 4
204.5000 1
205.0000 3
205.5000 3
206.0000 3
206.5000 5
207.0000 3
207.5000 5
208.0000 4
208.5000 3
209.0000 4
209.5000 5
210.0000 4
210.5000 2
211.0000 9
211.5000 3
212.0000 5
212.5000 3
213.0000 8
213.5000 6
214.0000 5
214.5000 3
215.0000 7
215.5000 3
216.0000 3
216.5000 2
217.0000 3
217.5000 0
218.0000 0
218.5000 0
219.0000 3
219.5000 1
220.0000 4
220.5000 2
221.0000 2
221.5000 2
222.0000 1
222.5000 1
223.0000 5
223.5000 4
224.0000 2
224.5000 2
225.0000 1
225.5000 2
226.0000 3
226.5000 3
227.0000 3
227.5000 2
228.0000 2
228.5000 1
229.0000 3
229.5000 6
230.0000 3
230.5000 5
231.0000 5
231.5000 7
232.0000 6
232.5000 4
233.0000 3
233.5000 6
234.0000 4
234.5000 8
235.0000 7
235.5000 11
236.0000 5
236.5000 5
237.0000 9
237.5000 14
238.0000 4
238.5000 6
239.0000 5
239.5000 14
240.0000 19
240.5000 13
241.0000 13
241.5000 17
242.0000 10
242.5000 11
243.0000 18
243.5000 16
244.0000 11
244.5000 23
245.0000 17
245.5000 13
246.0000 22
246.5000 17
247.0000 20
247.5000 28
248.0000 20
248.5000 25
249.0000 24
249.5000 17
250.0000 19
250.5000 27
251.0000 26
251.5000 24
252.0000 20
252.5000 29
253.0000 22
253.5000 29
254.0000 46
254.5000 32
255.0000 28
255.5000 25
256.0000 32
256.5000 31
257.0000 46
257.5000 33
258.0000 28
258.5000 27
259.0000 43
259.5000 32
260.0000 45
260.5000 39
261.0000 42
261.5000 46
262.0000 47
262.5000 47
263.0000 40
263.5000 52
264.0000 45
264.5000 57
265.0000 38
265.5000 38
266.0000 41
266.5000 43
267.0000 45
267.5000 50
268.0000 55
268.5000 45
269.0000 58
269.5000 52
270.0000 58
270.5000 51
271.0000 57
271.5000 55
272.0000 57
272.5000 64
273.0000 52
273.5000 64
274.0000 77
274.5000 60
275.0000 63
275.5000 60
276.0000 69
276.5000 62
277.0000 72
277.5000 72
278.0000 71
278.5000 82
279.0000 70
279.5000 68
280.0000 67
280.5000 73
281.0000 72
281.5000 74
282.0000 83
282.5000 79
283.0000 80
283.5000 71
284.0000 72
284.5000 71
285.0000 79
285.5000 78
286.0000 62
286.5000 82
287.0000 81
287.5000 87
288.0000 69
288.5000 79
289.0000 76
289.5000 98
290.0000 101
290.5000 97
291.0000 86
291.5000 85
292.0000 80
292.5000 92
293.0000 81
293.5000 97
294.0000 91
294.5000 107
295.0000 85
295.5000 96
296.0000 105
296.5000 80
297.0000 83
297.5000 105
298.0000 120
298.5000 103
299.0000 95
299.5000 91
300.0000 104
300.5000 96
301.0000 92
301.5000 86
302.0000 89
302.5000 102
303.0000 102
303.5000 117
304.0000 106
304.5000 107
305.0000 122
305.5000 93
306.0000 110
306.5000 114
307.0000 122
307.5000 110
308.0000 117
308.5000 120
309.0000 110
309.5000 123
310.0000 126
310.5000 118
311.0000 114
311.5000 117
312.0000 120
312.5000 123
313.0000 120
313.5000 122
314.0000 106
314.5000 116
315.0000 136
315.5000 130
316.0000 125
316.5000 124
317.0000 129
317.5000 125
318.0000 127
318.5000 125
319.0000 130
319.5000 122
320.0000 116
320.5000 118
321.0000 137
321.5000 128
322.0000 150
322.5000 117
323.0000 122
323.5000 129
324.0000 152
324.5000 144
325.0000 141
325.5000 146
326.0000 128
326.5000 148
327.0000 147
327.5000 150
328.0000 159
328.5000 137
329.0000 122
329.5000 129
330.0000 130
330.5000 140
331.0000 151
331.5000 126
332.0000 128
332.5000 132
333.0000 145
333.5000 147
334.0000 174
334.5000 135
335.0000 159
335.5000 134
336.0000 166
336.5000 118
337.0000 141
337.5000 150
338.0000 172
338.5000 153
339.0000 162
339.5000 169
340.0000 151
340.5000 131
341.0000 0
341.5000 0
342.0000 0
342.5000 0
343.0000 0
343.5000 1
344.0000 0
344.5000 0
345.0000 0
345.5000 3
346.0000 1
346.5000 1
347.0000 1
347.5000 2
348.0000 0
348.5000 3
349.0000 2
349.5000 2
