0.0000 0
0.5000 0
1.0000 1
1.5000 0
2.0000 0
2.5000 2
3.0000 0
3.5000 1
4.0000 0
4.5000 1
5.0000 0
5.5000 0
6.0000 0
6.5000 0
7.0000 0
7.5000 0
8.0000 1
8.5000 0
9.0000 0
9.5000 1
10.0000 0
10.5000 0
11.0000 1
11.5000 0
12.0000 0
12.5000 1
13.0000 1
13.5000 2
14.0000 0
14.5000 0
15.0000 0
15.5000 0
16.0000 0
16.5000 1
17.0000 0
17.5000 0
18.0000 0
18.5000 0
19.0000 0
19.5000 0
20.0000 0
20.5000 1
21.0000 2
21.5000 1
22.0000 2
22.5000 1
23.0000 0
23.5000 0
24.0000 1
24.5000 2
25.0000 0
25.5000 0
26.0000 0
26.5000 1
27.0000 1
27.5000 0
28.0000 1
28.5000 1
29.0000 0
29.5000 0
30.0000 0
30.5000 0
31.0000 0
31.5000 0
32.0000 4
32.5000 2
33.0000 1
33.5000 1
34.0000 2
34.5000 0
35.0000 0
35.5000 3
36.0000 2
36.5000 3
37.0000 3
37.5000 5
38.0000 2
38.5000 3
39.0000 3
39.5000 4
40.0000 3
40.5000 6
41.0000 6
41.5000 4
42.0000 10
42.5000 6
43.0000 8
43.5000 5
44.0000 5
44.5000 3
45.0000 13
45.5000 11
46.0000 8
46.5000 9
47.0000 12
47.5000 9
48.0000 6
48.5000 10
49.0000 16
49.5000 15
50.0000 7
50.5000 13
51.0000 12
51.5000 15
52.0000 20
52.5000 20
53.0000 23
53.5000 23
54.0000 31
54.5000 31
55.0000 29
55.5000 26
56.0000 38
56.5000 35
57.0000 38
57.5000 35
58.0000 32
58.5000 34
59.0000 41
59.5000 35
60.0000 49
60.5000 59
61.0000 61
61.5000 67
62.0000 51
62.5000 61
63.0000 53
63.5000 63
64.0000 65
64.5000 73
65.0000 57
65.5000 59
66.0000 69
66.5000 89
67.0000 74
67.5000 79
68.0000 100
68.5000 88
69.0000 83
69.5000 89
70.0000 99
70.5000 110
71.0000 74
71.5000 110
72.0000 112
72.5000 125
73.0000 131
73.5000 137
74.0000 118
74.5000 112
75.0000 139
75.5000 120
76.0000 138
76.5000 145
77.0000 165
77.5000 157
78.0000 137
78.5000 170
79.0000 183
79.5000 185
80.0000 153
80.5000 164
81.0000 192
81.5000 192
82.0000 212
82.5000 161
83.0000 205
83.5000 174
84.0000 194
84.5000 218
85.0000 193
85.5000 214
86.0000 218
86.5000 203
87.0000 196
87.5000 215
88.0000 250
88.5000 229
89.0000 227
89.5000 226
90.0000 245
90.5000 212
91.0000 241
91.5000 245
92.0000 226
92.5000 249
93.0000 242
93.5000 270
94.0000 249
94.5000 276
95.0000 260
95.5000 282
96.0000 306
96.5000 297
97.0000 274
97.5000 268
98.0000 307
98.5000 324
99.0000 319
99.5000 280
100.0000 309
100.5000 298
101.0000 309
101.5000 338
102.0000 311
102.5000 303
103.0000 321
103.5000 316
104.0000 375
104.5000 375
105.0000 342
105.5000 332
106.0000 359
106.5000 360
107.0000 321
107.5000 371
108.0000 356
108.5000 405
109.0000 399
109.5000 353
110.0000 371
110.5000 387
111.0000 390
111.5000 415
112.0000 389
112.5000 417
113.0000 442
113.5000 411
114.0000 454
114.5000 403
115.0000 431
115.5000 444
116.0000 459
116.5000 457
117.0000 449
117.5000 445
118.0000 460
118.5000 499
119.0000 464
119.5000 483
120.0000 431
120.5000 482
121.0000 423
121.5000 506
122.0000 478
122.5000 474
123.0000 507
123.5000 524
124.0000 506
124.5000 567
125.0000 513
125.5000 533
126.0000 526
126.5000 525
127.0000 514
127.5000 511
128.0000 523
128.5000 544
129.0000 558
129.5000 556
130.0000 551
130.5000 564
131.0000 552
131.5000 525
132.0000 536
132.5000 528
133.0000 572
133.5000 574
134.0000 571
134.5000 526
135.0000 558
135.5000 552
136.0000 573
136.5000 591
137.0000 560
137.5000 561
138.0000 573
138.5000 568
139.0000 566
139.5000 580
140.0000 570
140.5000 595
141.0000 605
141.5000 610
142.0000 603
142.5000 608
143.0000 582
143.5000 602
144.0000 602
144.5000 614
145.0000 560
145.5000 594
146.0000 638
146.5000 609
147.0000 634
147.5000 546
148.0000 603
148.5000 601
149.0000 611
149.5000 643
150.0000 652
150.5000 634
151.0000 638
151.5000 617
152.0000 659
152.5000 656
153.0000 651
153.5000 631
154.0000 684
154.5000 632
155.0000 642
155.5000 641
156.0000 659
156.5000 613
157.0000 616
157.5000 618
158.0000 609
158.5000 641
159.0000 620
159.5000 622
160.0000 634
160.5000 542
161.0000 0
161.5000 1
162.0000 0
162.5000 0
163.0000 1
163.5000 0
164.0000 0
164.5000 1
165.0000 0
165.5000 2
166.0000 0
166.5000 1
167.0000 2
167.5000 0
168.0000 0
168.5000 0
169.0000 1
169.5000 0
170.0000 0
170.5000 0
171.0000 1
171.5000 0
172.0000 1
172.5000 2
173.0000 0
173.5000 0
174.0000 2
174.5000 1
175.0000 0
175.5000 0
176.0000 0
176.5000 0
177.0000 1
177.5000 0
178.0000 0
178.5000 0
179.0000 0
179.5000 0
180.0000 0
180.5000 0
181.0000 0
181.5000 1
182.0000 0
182.5000 0
183.0000 0
183.5000 0
184.0000 0
184.5000 0
185.0000 0
185.5000 1
186.0000 1
186.5000 1
187.0000 0
187.5000 0
188.0000 1
188.5000 0
189.0000 0
189.5000 2
190.0000 0
190.5000 1
191.0000 0
191.5000 0
192.0000 0
192.5000 0
193.0000 0
193.5000 0
194.0000 0
194.5000 0
195.0000 0
195.5000 1
196.0000 1
196.5000 0
197.0000 0
197.5000 1
198.0000 0
198.5000 0
199.0000 0
199.5000 0
200.0000 1
200.5000 1
201.0000 1
201.5000 1
202.0000 0
202.5000 0
203.0000 0
203.5000 2
204.0000 1
204.5000 0
205.0000 0
205.5000 1
206.0000 1
206.5000 0
207.0000 2
207.5000 1
208.0000 1
208.5000 1
209.0000 2
209.5000 2
210.0000 0
210.5000 1
211.0000 1
211.5000 2
212.0000 1
212.5000 3
213.0000 0
213.5000 0
214.0000 1
214.5000 1
215.0000 3
215.5000 0
216.0000 4
216.5000 3
217.0000 2
217.5000 1
218.0000 1
218.5000 2
219.0000 5
219.5000 0
220.0000 2
220.5000 7
221.0000 4
221.5000 6
222.0000 5
222.5000 4
223.0000 3
223.5000 4
224.0000 9
224.5000 2
225.0000 4
225.5000 8
226.0000 11
226.5000 11
227.0000 12
227.5000 14
228.0000 17
228.5000 9
229.0000 11
229.5000 11
230.0000 13
230.5000 16
231.0000 9
231.5000 14
232.0000 14
232.5000 18
233.0000 21
233.5000 20
234.0000 33
234.5000 29
235.0000 29
235.5000 21
236.0000 29
236.5000 34
237.0000 33
237.5000 38
238.0000 46
238.5000 34
239.0000 40
239.5000 42
240.0000 39
240.5000 50
241.0000 46
241.5000 50
242.0000 66
242.5000 54
243.0000 66
243.5000 75
244.0000 62
244.5000 68
245.0000 78
245.5000 58
246.0000 72
246.5000 75
247.0000 82
247.5000 79
248.0000 85
248.5000 110
249.0000 99
249.5000 95
250.0000 115
250.5000 87
251.0000 102
251.5000 114
252.0000 139
252.5000 140
253.0000 118
253.5000 97
254.0000 120
254.5000 138
255.0000 123
255.5000 116
256.0000 130
256.5000 129
257.0000 132
257.5000 153
258.0000 137
258.5000 158
259.0000 153
259.5000 152
260.0000 153
260.5000 151
261.0000 157
261.5000 184
262.0000 159
262.5000 183
263.0000 187
263.5000 190
264.0000 156
264.5000 199
265.0000 198
265.5000 206
266.0000 201
266.5000 198
267.0000 238
267.5000 211
268.0000 209
268.5000 199
269.0000 241
269.5000 208
270.0000 216
270.5000 234
271.0000 233
271.5000 231
272.0000 233
272.5000 253
273.0000 251
273.5000 248
274.0000 233
274.5000 256
275.0000 265
275.5000 264
276.0000 238
276.5000 274
277.0000 304
277.5000 260
278.0000 284
278.5000 272
279.0000 290
279.5000 249
280.0000 254
280.5000 271
281.0000 286
281.5000 315
282.0000 311
282.5000 320
283.0000 299
283.5000 316
284.0000 336
284.5000 335
285.0000 317
285.5000 333
286.0000 326
286.5000 334
287.0000 348
287.5000 363
288.0000 356
288.5000 389
289.0000 354
289.5000 344
290.0000 365
290.5000 362
291.0000 351
291.5000 401
292.0000 368
292.5000 355
293.0000 389
293.5000 382
294.0000 435
294.5000 428
295.0000 421
295.5000 401
296.0000 435
296.5000 440
297.0000 430
297.5000 402
298.0000 431
298.5000 458
299.0000 419
299.5000 443
300.0000 428
300.5000 434
301.0000 468
301.5000 492
302.0000 508
302.5000 473
303.0000 466
303.5000 518
304.0000 512
304.5000 513
305.0000 508
305.5000 471
306.0000 518
306.5000 508
307.0000 555
307.5000 537
308.0000 522
308.5000 552
309.0000 570
309.5000 525
310.0000 538
310.5000 521
311.0000 573
311.5000 561
312.0000 531
312.5000 556
313.0000 540
313.5000 558
314.0000 530
314.5000 551
315.0000 554
315.5000 570
316.0000 568
316.5000 559
317.0000 550
317.5000 606
318.0000 519
318.5000 552
319.0000 540
319.5000 580
320.0000 608
320.5000 594
321.0000 517
321.5000 592
322.0000 559
322.5000 548
323.0000 588
323.5000 588
324.0000 607
324.5000 559
325.0000 636
325.5000 568
326.0000 512
326.5000 564
327.0000 592
327.5000 570
328.0000 581
328.5000 624
329.0000 615
329.5000 633
330.0000 611
330.5000 606
331.0000 604
331.5000 594
332.0000 576
332.5000 574
333.0000 600
333.5000 639
334.0000 607
334.5000 593
335.0000 627
335.5000 640
336.0000 591
336.5000 594
337.0000 546
337.5000 647
338.0000 624
338.5000 639
339.0000 614
339.5000 593
340.0000 647
340.5000 513
341.0000 0
341.5000 2
342.0000 0
342.5000 0
343.0000 0
343.5000 0
344.0000 0
344.5000 1
345.0000 2
345.5000 0
346.0000 1
346.5000 0
347.0000 0
347.5000 0
348.0000 0
348.5000 0
349.0000 0
349.5000 0
