0.0000 0
0.5000 0
1.0000 0
1.5000 0
2.0000 3
2.5000 0
3.0000 0
3.5000 0
4.0000 0
4.5000 0
5.0000 0
5.5000 0
6.0000 0
6.5000 0
7.0000 3
7.5000 1
8.0000 0
8.5000 1
9.0000 0
9.5000 1
10.0000 1
10.5000 0
11.0000 0
11.5000 2
12.0000 0
12.5000 0
13.0000 2
13.5000 2
14.0000 1
14.5000 0
15.0000 1
15.5000 0
16.0000 1
16.5000 1
17.0000 0
17.5000 2
18.0000 1
18.5000 0
19.0000 1
19.5000 0
20.0000 0
20.5000 1
21.0000 0
21.5000 2
22.0000 1
22.5000 1
23.0000 3
23.5000 5
24.0000 1
24.5000 2
25.0000 2
25.5000 1
26.0000 3
26.5000 4
27.0000 0
27.5000 3
28.0000 1
28.5000 1
29.0000 0
29.5000 5
30.0000 3
30.5000 5
31.0000 1
31.5000 7
32.0000 7
32.5000 6
33.0000 7
33.5000 5
34.0000 6
34.5000 5
35.0000 13
35.5000 3
36.0000 16
36.5000 11
37.0000 10
37.5000 17
38.0000 11
38.5000 21
39.0000 16
39.5000 16
40.0000 25
40.5000 30
41.0000 27
41.5000 20
42.0000 34
42.5000 35
43.0000 31
43.5000 32
44.0000 32
44.5000 41
45.0000 38
45.5000 43
46.0000 49
46.5000 31
47.0000 56
47.5000 48
48.0000 48
48.5000 78
49.0000 73
49.5000 71
50.0000 52
50.5000 85
51.0000 94
51.5000 72
52.0000 66
52.5000 76
53.0000 77
53.5000 98
54.0000 102
54.5000 91
55.0000 91
55.5000 89
56.0000 99
56.5000 120
57.0000 120
57.5000 119
58.0000 136
58.5000 114
59.0000 126
59.5000 115
60.0000 131
60.5000 142
61.0000 143
61.5000 145
62.0000 138
62.5000 166
63.0000 180
63.5000 125
64.0000 165
64.5000 173
65.0000 170
65.5000 166
66.0000 163
66.5000 171
67.0000 170
67.5000 175
68.0000 172
68.5000 171
69.0000 169
69.5000 179
70.0000 187
70.5000 177
71.0000 171
71.5000 184
72.0000 156
72.5000 200
73.0000 177
73.5000 183
74.0000 193
74.5000 202
75.0000 182
75.5000 216
76.0000 168
76.5000 175
77.0000 174
77.5000 194
78.0000 195
78.5000 194
79.0000 178
79.5000 194
80.0000 181
80.5000 228
81.0000 216
81.5000 230
82.0000 222
82.5000 218
83.0000 188
83.5000 220
84.0000 214
84.5000 235
85.0000 202
85.5000 227
86.0000 215
86.5000 191
87.0000 231
87.5000 231
88.0000 241
88.5000 206
89.0000 246
89.5000 204
90.0000 216
90.5000 228
91.0000 223
91.5000 225
92.0000 249
92.5000 242
93.0000 237
93.5000 266
94.0000 244
94.5000 207
95.0000 248
95.5000 254
96.0000 229
96.5000 218
97.0000 285
97.5000 253
98.0000 227
98.5000 247
99.0000 246
99.5000 233
100.0000 235
100.5000 247
101.0000 280
101.5000 276
102.0000 260
102.5000 283
103.0000 255
103.5000 241
104.0000 249
104.5000 244
105.0000 263
105.5000 231
106.0000 240
106.5000 272
107.0000 238
107.5000 293
108.0000 272
108.5000 266
109.0000 270
109.5000 259
110.0000 235
110.5000 276
111.0000 284
111.5000 298
112.0000 296
112.5000 271
113.0000 269
113.5000 289
114.0000 266
114.5000 253
115.0000 294
115.5000 278
116.0000 290
116.5000 275
117.0000 275
117.5000 258
118.0000 276
118.5000 284
119.0000 281
119.5000 278
120.0000 279
120.5000 293
121.0000 311
121.5000 274
122.0000 287
122.5000 290
123.0000 279
123.5000 291
124.0000 300
124.5000 304
125.0000 261
125.5000 312
126.0000 307
126.5000 309
127.0000 255
127.5000 261
128.0000 319
128.5000 281
129.0000 301
129.5000 265
130.0000 274
130.5000 314
131.0000 286
131.5000 271
132.0000 286
132.5000 304
133.0000 275
133.5000 335
134.0000 312
134.5000 301
135.0000 309
135.5000 298
136.0000 311
136.5000 316
137.0000 308
137.5000 296
138.0000 292
138.5000 302
139.0000 315
139.5000 284
140.0000 313
140.5000 328
141.0000 295
141.5000 311
142.0000 309
142.5000 315
143.0000 326
143.5000 288
144.0000 321
144.5000 317
145.0000 319
145.5000 319
146.0000 353
146.5000 314
147.0000 341
147.5000 313
148.0000 304
148.5000 319
149.0000 341
149.5000 340
150.0000 321
150.5000 312
151.0000 300
151.5000 323
152.0000 312
152.5000 307
153.0000 341
153.5000 308
154.0000 314
154.5000 307
155.0000 302
155.5000 356
156.0000 336
156.5000 354
157.0000 335
157.5000 308
158.0000 338
158.5000 349
159.0000 360
159.5000 329
160.0000 331
160.5000 280
161.0000 1
161.5000 0
162.0000 0
162.5000 0
163.0000 1
163.5000 0
164.0000 0
164.5000 0
165.0000 0
165.5000 0
166.0000 0
166.5000 0
167.0000 0
167.5000 0
168.0000 0
168.5000 0
169.0000 1
169.5000 0
170.0000 0
170.5000 0
171.0000 0
171.5000 1
172.0000 0
172.5000 0
173.0000 0
173.5000 0
174.0000 0
174.5000 0
175.0000 0
175.5000 0
176.0000 1
176.5000 0
177.0000 0
177.5000 0
178.0000 0
178.5000 0
179.0000 0
179.5000 1
180.0000 0
180.5000 0
181.0000 1
181.5000 0
182.0000 0
182.5000 0
183.0000 0
183.5000 0
184.0000 0
184.5000 0
185.0000 0
185.5000 2
186.0000 1
186.5000 1
187.0000 1
187.5000 2
188.0000 2
188.5000 0
189.0000 2
189.5000 3
190.0000 2
190.5000 0
191.0000 0
191.5000 1
192.0000 0
192.5000 1
193.0000 3
193.5000 5
194.0000 0
194.5000 0
195.0000 1
195.5000 4
196.0000 1
196.5000 3
197.0000 2
197.5000 2
198.0000 1
198.5000 2
199.0000 5
199.5000 1
200.0000 4
200.5000 4
201.0000 5
201.5000 5
202.0000 3
202.5000 6
203.0000 1
203.5000 8
204.0000 9
204.5000 5
205.0000 10
205.5000 7
206.0000 6
206.5000 9
207.0000 7
207.5000 3
208.0000 14
208.5000 9
209.0000 19
209.5000 18
210.0000 16
210.5000 11
211.0000 17
211.5000 20
212.0000 11
212.5000 17
213.0000 21
213.5000 16
214.0000 24
214.5000 23
215.0000 31
215.5000 29
216.0000 37
216.5000 38
217.0000 43
217.5000 42
218.0000 44
218.5000 56
219.0000 42
219.5000 46
220.0000 59
220.5000 51
221.0000 55
221.5000 50
222.0000 76
222.5000 83
223.0000 75
223.5000 80
224.0000 79
224.5000 92
225.0000 80
225.5000 80
226.0000 85
226.5000 91
227.0000 98
227.5000 98
228.0000 121
228.5000 116
229.0000 113
229.5000 104
230.0000 117
230.5000 123
231.0000 134
231.5000 136
232.0000 129
232.5000 110
233.0000 134
233.5000 132
234.0000 133
234.5000 146
235.0000 138
235.5000 149
236.0000 144
236.5000 152
237.0000 155
237.5000 168
238.0000 161
238.5000 164
239.0000 172
239.5000 162
240.0000 169
240.5000 175
241.0000 171
241.5000 166
242.0000 176
242.5000 182
243.0000 184
243.5000 148
244.0000 200
244.5000 191
245.0000 170
245.5000 180
246.0000 212
246.5000 171
247.0000 214
247.5000 187
248.0000 193
248.5000 183
249.0000 183
249.5000 193
250.0000 205
250.5000 204
251.0000 203
251.5000 194
252.0000 191
252.5000 182
253.0000 214
253.5000 229
254.0000 210
254.5000 206
255.0000 217
255.5000 190
256.0000 212
256.5000 205
257.0000 201
257.5000 209
258.0000 210
258.5000 225
259.0000 215
259.5000 224
260.0000 237
260.5000 245
261.0000 228
261.5000 233
262.0000 231
262.5000 216
263.0000 225
263.5000 261
264.0000 242
264.5000 219
265.0000 237
265.5000 237
266.0000 257
266.5000 223
267.0000 229
267.5000 245
268.0000 226
268.5000 230
269.0000 221
269.5000 244
270.0000 234
270.5000 218
271.0000 253
271.5000 258
272.0000 261
272.5000 259
273.0000 267
273.5000 255
274.0000 236
274.5000 275
275.0000 256
275.5000 232
276.0000 255
276.5000 260
277.0000 242
277.5000 246
278.0000 262
278.5000 242
279.0000 265
279.5000 241
280.0000 244
280.5000 243
281.0000 254
281.5000 260
282.0000 283
282.5000 275
283.0000 272
283.5000 255
284.0000 236
284.5000 272
285.0000 286
285.5000 277
286.0000 301
286.5000 294
287.0000 275
287.5000 283
288.0000 275
288.5000 265
289.0000 245
289.5000 255
290.0000 266
290.5000 279
291.0000 283
291.5000 290
292.0000 263
292.5000 306
293.0000 303
293.5000 291
294.0000 305
294.5000 274
295.0000 286
295.5000 295
296.0000 283
296.5000 296
297.0000 290
297.5000 274
298.0000 287
298.5000 325
299.0000 287
299.5000 294
300.0000 275
300.5000 286
301.0000 311
301.5000 285
302.0000 308
302.5000 270
303.0000 313
303.5000 270
304.0000 283
304.5000 295
305.0000 294
305.5000 270
306.0000 304
306.5000 290
307.0000 320
307.5000 296
308.0000 303
308.5000 293
309.0000 299
309.5000 328
310.0000 313
310.5000 329
311.0000 313
311.5000 305
312.0000 353
312.5000 322
313.0000 317
313.5000 327
314.0000 303
314.5000 285
315.0000 334
315.5000 328
316.0000 333
316.5000 344
317.0000 281
317.5000 292
318.0000 297
318.5000 343
319.0000 328
319.5000 318
320.0000 314
320.5000 306
321.0000 322
321.5000 311
322.0000 276
322.5000 341
323.0000 332
323.5000 324
324.0000 327
324.5000 338
325.0000 337
325.5000 298
326.0000 309
326.5000 322
327.0000 320
327.5000 350
328.0000 340
328.5000 365
329.0000 347
329.5000 315
330.0000 346
330.5000 294
331.0000 0
331.5000 0
332.0000 3
332.5000 1
333.0000 0
333.5000 0
334.0000 1
334.5000 0
335.0000 0
335.5000 0
336.0000 1
336.5000 0
337.0000 0
337.5000 0
338.0000 0
338.5000 0
339.0000 0
339.5000 0
340.0000 0
340.5000 1
341.0000 0
341.5000 0
342.0000 0
342.5000 1
343.0000 0
343.5000 0
344.0000 0
344.5000 0
345.0000 0
345.5000 0
346.0000 0
346.5000 0
347.0000 0
347.5000 0
348.0000 0
348.5000 0
349.0000 2
349.5000 0
350.0000 0
350.5000 0
351.0000 0
351.5000 1
352.0000 2
352.5000 0
353.0000 2
353.5000 0
354.0000 0
354.5000 1
355.0000 0
355.5000 1
356.0000 1
356.5000 2
357.0000 3
357.5000 2
358.0000 3
358.5000 1
359.0000 0
359.5000 2
360.0000 1
360.5000 2
361.0000 0
361.5000 1
362.0000 1
362.5000 2
363.0000 1
363.5000 3
364.0000 1
364.5000 0
365.0000 1
365.5000 0
366.0000 2
366.5000 3
367.0000 4
367.5000 2
368.0000 1
368.5000 2
369.0000 1
369.5000 3
370.0000 0
370.5000 3
371.0000 5
371.5000 3
372.0000 1
372.5000 3
373.0000 4
373.5000 3
374.0000 2
374.5000 3
375.0000 8
375.5000 7
376.0000 8
376.5000 8
377.0000 11
377.5000 11
378.0000 9
378.5000 12
379.0000 7
379.5000 7
380.0000 8
380.5000 5
381.0000 11
381.5000 14
382.0000 12
382.5000 20
383.0000 17
383.5000 22
384.0000 20
384.5000 24
385.0000 25
385.5000 24
386.0000 22
386.5000 39
387.0000 35
387.5000 24
388.0000 35
388.5000 40
389.0000 39
389.5000 47
390.0000 36
390.5000 65
391.0000 62
391.5000 61
392.0000 59
392.5000 65
393.0000 77
393.5000 73
394.0000 54
394.5000 63
395.0000 84
395.5000 70
396.0000 91
396.5000 77
397.0000 87
397.5000 80
398.0000 87
398.5000 103
399.0000 99
399.5000 98
400.0000 109
400.5000 103
401.0000 117
401.5000 107
402.0000 132
402.5000 105
403.0000 122
403.5000 109
404.0000 116
404.5000 121
405.0000 152
405.5000 131
406.0000 143
406.5000 156
407.0000 143
407.5000 153
408.0000 147
408.5000 138
409.0000 151
409.5000 175
410.0000 157
410.5000 156
411.0000 170
411.5000 165
412.0000 165
412.5000 162
413.0000 180
413.5000 167
414.0000 194
414.5000 166
415.0000 189
415.5000 198
416.0000 164
416.5000 219
417.0000 194
417.5000 184
418.0000 183
418.5000 210
419.0000 182
419.5000 195
420.0000 187
420.5000 209
421.0000 220
421.5000 179
422.0000 210
422.5000 219
423.0000 206
423.5000 204
424.0000 171
424.5000 188
425.0000 230
425.5000 195
426.0000 218
426.5000 208
427.0000 219
427.5000 207
428.0000 208
428.5000 220
429.0000 208
429.5000 222
430.0000 250
430.5000 238
431.0000 246
431.5000 227
432.0000 229
432.5000 232
433.0000 241
433.5000 254
434.0000 240
434.5000 223
435.0000 242
435.5000 217
436.0000 214
436.5000 250
437.0000 249
437.5000 236
438.0000 245
438.5000 252
439.0000 257
439.5000 259
440.0000 251
440.5000 223
441.0000 285
441.5000 230
442.0000 246
442.5000 235
443.0000 209
443.5000 238
444.0000 271
444.5000 276
445.0000 271
445.5000 265
446.0000 295
446.5000 246
447.0000 252
447.5000 239
448.0000 267
448.5000 241
449.0000 254
449.5000 264
450.0000 252
450.5000 285
451.0000 277
451.5000 286
452.0000 260
452.5000 234
453.0000 252
453.5000 293
454.0000 239
454.5000 254
455.0000 270
455.5000 276
456.0000 274
456.5000 235
457.0000 268
457.5000 276
458.0000 269
458.5000 291
459.0000 269
459.5000 267
460.0000 292
460.5000 252
461.0000 257
461.5000 286
462.0000 270
462.5000 261
463.0000 300
463.5000 279
464.0000 260
464.5000 306
465.0000 269
465.5000 296
466.0000 304
466.5000 255
467.0000 297
467.5000 267
468.0000 278
468.5000 297
469.0000 297
469.5000 304
470.0000 283
470.5000 259
471.0000 271
471.5000 304
472.0000 296
472.5000 309
473.0000 285
473.5000 299
474.0000 293
474.5000 269
475.0000 292
475.5000 318
476.0000 298
476.5000 309
477.0000 288
477.5000 315
478.0000 300
478.5000 334
479.0000 281
479.5000 297
480.0000 341
480.5000 297
481.0000 369
481.5000 308
482.0000 264
482.5000 294
483.0000 313
483.5000 312
484.0000 285
484.5000 294
485.0000 335
485.5000 304
486.0000 319
486.5000 357
487.0000 319
487.5000 307
488.0000 329
488.5000 321
489.0000 324
489.5000 331
490.0000 303
490.5000 319
491.0000 320
491.5000 364
492.0000 323
492.5000 315
493.0000 302
493.5000 352
494.0000 327
494.5000 324
495.0000 336
495.5000 297
496.0000 323
496.5000 327
497.0000 330
497.5000 328
498.0000 345
498.5000 310
499.0000 334
499.5000 334
500.0000 334
500.5000 280
501.0000 0
501.5000 1
502.0000 0
502.5000 0
503.0000 0
503.5000 0
504.0000 1
504.5000 0
505.0000 0
505.5000 0
506.0000 0
506.5000 1
507.0000 1
507.5000 0
508.0000 0
508.5000 0
509.0000 0
509.5000 1
510.0000 0
510.5000 0
511.0000 1
511.5000 0
512.0000 0
512.5000 0
513.0000 0
513.5000 0
514.0000 0
514.5000 0
515.0000 0
515.5000 1
516.0000 0
516.5000 0
517.0000 1
517.5000 0
518.0000 0
518.5000 0
519.0000 1
519.5000 0
520.0000 1
520.5000 0
521.0000 0
521.5000 1
522.0000 0
522.5000 1
523.0000 1
523.5000 0
524.0000 0
524.5000 1
525.0000 1
525.5000 0
526.0000 2
526.5000 0
527.0000 0
527.5000 0
528.0000 1
528.5000 1
529.0000 0
529.5000 0
530.0000 0
530.5000 2
531.0000 2
531.5000 2
532.0000 3
532.5000 0
533.0000 3
533.5000 0
534.0000 2
534.5000 0
535.0000 1
535.5000 2
536.0000 3
536.5000 0
537.0000 0
537.5000 2
538.0000 2
538.5000 2
539.0000 2
539.5000 3
540.0000 3
540.5000 3
541.0000 5
541.5000 2
542.0000 3
542.5000 1
543.0000 6
543.5000 3
544.0000 9
544.5000 3
545.0000 7
545.5000 5
546.0000 8
546.5000 0
547.0000 7
547.5000 12
548.0000 0
548.5000 9
549.0000 6
549.5000 11
550.0000 9
550.5000 6
551.0000 16
551.5000 10
552.0000 9
552.5000 15
553.0000 14
553.5000 17
554.0000 24
554.5000 20
555.0000 20
555.5000 18
556.0000 30
556.5000 34
557.0000 29
557.5000 38
558.0000 43
558.5000 46
559.0000 28
559.5000 37
560.0000 53
560.5000 51
561.0000 42
561.5000 46
562.0000 59
562.5000 62
563.0000 68
563.5000 58
564.0000 63
564.5000 61
565.0000 78
565.5000 64
566.0000 86
566.5000 91
567.0000 82
567.5000 83
568.0000 79
568.5000 95
569.0000 92
569.5000 103
570.0000 97
570.5000 131
571.0000 109
571.5000 120
572.0000 125
572.5000 121
573.0000 120
573.5000 132
574.0000 128
574.5000 119
575.0000 121
575.5000 131
576.0000 121
576.5000 126
577.0000 151
577.5000 135
578.0000 130
578.5000 138
579.0000 149
579.5000 149
580.0000 150
580.5000 168
581.0000 161
581.5000 175
582.0000 167
582.5000 172
583.0000 188
583.5000 167
584.0000 156
584.5000 188
585.0000 162
585.5000 184
586.0000 199
586.5000 155
587.0000 158
587.5000 168
588.0000 193
588.5000 192
589.0000 185
589.5000 191
590.0000 205
590.5000 208
591.0000 189
591.5000 182
592.0000 217
592.5000 211
593.0000 204
593.5000 193
594.0000 189
594.5000 241
595.0000 222
595.5000 215
596.0000 206
596.5000 222
597.0000 218
597.5000 191
598.0000 210
598.5000 213
599.0000 222
599.5000 195
600.0000 222
600.5000 225
601.0000 231
601.5000 234
602.0000 209
602.5000 221
603.0000 211
603.5000 208
604.0000 244
604.5000 247
605.0000 216
605.5000 220
606.0000 208
606.5000 236
607.0000 221
607.5000 228
608.0000 223
608.5000 230
609.0000 228
609.5000 237
610.0000 226
610.5000 227
611.0000 251
611.5000 236
612.0000 256
612.5000 218
613.0000 246
613.5000 239
614.0000 229
614.5000 247
615.0000 224
615.5000 244
616.0000 243
616.5000 259
617.0000 266
617.5000 248
618.0000 245
618.5000 278
619.0000 258
619.5000 263
620.0000 235
620.5000 269
621.0000 272
621.5000 237
622.0000 246
622.5000 261
623.0000 280
623.5000 261
624.0000 272
624.5000 256
625.0000 243
625.5000 238
626.0000 273
626.5000 249
627.0000 293
627.5000 279
628.0000 266
628.5000 272
629.0000 291
629.5000 238
630.0000 273
630.5000 297
631.0000 290
631.5000 247
632.0000 249
632.5000 283
633.0000 255
633.5000 312
634.0000 306
634.5000 290
635.0000 287
635.5000 281
636.0000 272
636.5000 309
637.0000 281
637.5000 274
638.0000 292
638.5000 294
639.0000 267
639.5000 263
640.0000 299
640.5000 294
641.0000 279
641.5000 302
642.0000 291
642.5000 313
643.0000 285
643.5000 293
644.0000 293
644.5000 285
645.0000 306
645.5000 291
646.0000 270
646.5000 297
647.0000 281
647.5000 308
648.0000 317
648.5000 291
649.0000 313
649.5000 311
650.0000 307
650.5000 307
651.0000 284
651.5000 324
652.0000 314
652.5000 297
653.0000 301
653.5000 299
654.0000 319
654.5000 322
655.0000 329
655.5000 312
656.0000 329
656.5000 309
657.0000 293
657.5000 301
658.0000 324
658.5000 371
659.0000 340
659.5000 319
660.0000 316
660.5000 336
661.0000 338
661.5000 319
662.0000 327
662.5000 306
663.0000 326
663.5000 342
664.0000 301
664.5000 331
665.0000 331
665.5000 282
666.0000 341
666.5000 315
667.0000 334
667.5000 305
668.0000 331
668.5000 320
669.0000 328
669.5000 305
670.0000 357
670.5000 296
671.0000 0
671.5000 1
672.0000 0
672.5000 1
673.0000 0
673.5000 0
674.0000 0
674.5000 1
675.0000 0
675.5000 0
676.0000 0
676.5000 1
677.0000 0
677.5000 0
678.0000 1
678.5000 1
679.0000 1
679.5000 0
680.0000 1
680.5000 0
681.0000 0
681.5000 0
682.0000 0
682.5000 0
683.0000 0
683.5000 0
684.0000 1
684.5000 0
685.0000 0
685.5000 0
686.0000 0
686.5000 0
687.0000 0
687.5000 1
688.0000 0
688.5000 0
689.0000 0
689.5000 1
690.0000 0
690.5000 2
691.0000 1
691.5000 0
692.0000 0
692.5000 0
693.0000 0
693.5000 0
694.0000 0
694.5000 1
695.0000 1
695.5000 0
696.0000 2
696.5000 1
697.0000 0
697.5000 1
698.0000 0
698.5000 1
699.0000 1
699.5000 0
700.0000 0
700.5000 0
701.0000 2
701.5000 0
702.0000 0
702.5000 1
703.0000 1
703.5000 0
704.0000 1
704.5000 0
705.0000 0
705.5000 1
706.0000 2
706.5000 5
707.0000 0
707.5000 2
708.0000 2
708.5000 1
709.0000 4
709.5000 0
710.0000 1
710.5000 2
711.0000 4
711.5000 3
712.0000 7
712.5000 2
713.0000 4
713.5000 7
714.0000 3
714.5000 2
715.0000 5
715.5000 5
716.0000 5
716.5000 5
717.0000 8
717.5000 8
718.0000 5
718.5000 8
719.0000 6
719.5000 4
720.0000 9
720.5000 8
721.0000 9
721.5000 13
722.0000 17
722.5000 18
723.0000 13
723.5000 21
724.0000 18
724.5000 24
725.0000 32
725.5000 21
726.0000 33
726.5000 22
727.0000 21
727.5000 32
728.0000 32
728.5000 38
729.0000 36
729.5000 41
730.0000 47
730.5000 42
731.0000 57
731.5000 39
732.0000 60
732.5000 66
733.0000 59
733.5000 66
734.0000 57
734.5000 65
735.0000 79
735.5000 66
736.0000 68
736.5000 75
737.0000 84
737.5000 81
738.0000 98
738.5000 82
739.0000 82
739.5000 99
740.0000 105
740.5000 109
741.0000 101
741.5000 119
742.0000 118
742.5000 114
743.0000 109
743.5000 121
744.0000 147
744.5000 116
745.0000 133
745.5000 153
746.0000 132
746.5000 138
747.0000 133
747.5000 148
748.0000 160
748.5000 156
749.0000 163
749.5000 165
750.0000 161
750.5000 177
751.0000 153
751.5000 175
752.0000 149
752.5000 173
753.0000 165
753.5000 168
754.0000 155
754.5000 175
755.0000 177
755.5000 163
756.0000 198
756.5000 185
757.0000 160
757.5000 193
758.0000 189
758.5000 199
759.0000 162
759.5000 170
760.0000 199
760.5000 176
761.0000 215
761.5000 187
762.0000 194
762.5000 192
763.0000 228
763.5000 201
764.0000 208
764.5000 201
765.0000 196
765.5000 199
766.0000 213
766.5000 215
767.0000 221
767.5000 215
768.0000 196
768.5000 189
769.0000 227
769.5000 209
770.0000 217
770.5000 241
771.0000 215
771.5000 218
772.0000 219
772.5000 219
773.0000 223
773.5000 241
774.0000 230
774.5000 224
775.0000 219
775.5000 221
776.0000 238
776.5000 204
777.0000 231
777.5000 227
778.0000 214
778.5000 258
779.0000 267
779.5000 228
780.0000 224
780.5000 234
781.0000 249
781.5000 239
782.0000 252
782.5000 237
783.0000 244
783.5000 247
784.0000 242
784.5000 269
785.0000 230
785.5000 243
786.0000 258
786.5000 249
787.0000 243
787.5000 253
788.0000 213
788.5000 252
789.0000 252
789.5000 243
790.0000 254
790.5000 246
791.0000 257
791.5000 249
792.0000 250
792.5000 295
793.0000 267
793.5000 259
794.0000 244
794.5000 258
795.0000 236
795.5000 270
796.0000 288
796.5000 258
797.0000 268
797.5000 259
798.0000 259
798.5000 298
799.0000 270
799.5000 278
800.0000 269
800.5000 255
801.0000 282
801.5000 269
802.0000 272
802.5000 303
803.0000 293
803.5000 293
804.0000 287
804.5000 264
805.0000 283
805.5000 294
806.0000 293
806.5000 265
807.0000 269
807.5000 261
808.0000 259
808.5000 274
809.0000 283
809.5000 271
810.0000 272
810.5000 285
811.0000 309
811.5000 291
812.0000 290
812.5000 318
813.0000 289
813.5000 313
814.0000 291
814.5000 279
815.0000 292
815.5000 283
816.0000 303
816.5000 281
817.0000 287
817.5000 284
818.0000 257
818.5000 315
819.0000 287
819.5000 311
820.0000 321
820.5000 318
821.0000 304
821.5000 300
822.0000 302
822.5000 316
823.0000 312
823.5000 319
824.0000 314
824.5000 307
825.0000 324
825.5000 306
826.0000 290
826.5000 285
827.0000 326
827.5000 328
828.0000 327
828.5000 315
829.0000 336
829.5000 291
830.0000 331
830.5000 331
831.0000 343
831.5000 314
832.0000 307
832.5000 334
833.0000 307
833.5000 338
834.0000 319
834.5000 302
835.0000 317
835.5000 354
836.0000 328
836.5000 329
837.0000 348
837.5000 339
838.0000 311
838.5000 342
839.0000 361
839.5000 352
840.0000 343
840.5000 302
841.0000 0
841.5000 2
842.0000 0
842.5000 0
843.0000 0
843.5000 1
844.0000 0
844.5000 0
845.0000 0
845.5000 0
846.0000 0
846.5000 0
847.0000 0
847.5000 0
848.0000 0
848.5000 1
849.0000 0
849.5000 0
