0.0000 3
1.0000 2
2.0000 1
3.0000 0
4.0000 1
5.0000 1
6.0000 3
7.0000 3
8.0000 6
9.0000 2
10.0000 1
11.0000 3
12.0000 4
13.0000 3
14.0000 3
15.0000 1
16.0000 2
17.0000 2
18.0000 3
19.0000 2
20.0000 0
21.0000 2
22.0000 3
23.0000 4
24.0000 0
25.0000 2
26.0000 2
27.0000 4
28.0000 1
29.0000 2
30.0000 3
31.0000 1
32.0000 3
33.0000 6
34.0000 1
35.0000 4
36.0000 2
37.0000 3
38.0000 2
39.0000 4
40.0000 1
41.0000 1
42.0000 2
43.0000 2
44.0000 6
45.0000 5
46.0000 8
47.0000 1
48.0000 3
49.0000 9
50.0000 4
51.0000 8
52.0000 1
53.0000 5
54.0000 3
55.0000 15
56.0000 7
57.0000 6
58.0000 8
59.0000 7
60.0000 6
61.0000 5
62.0000 7
63.0000 11
64.0000 12
65.0000 8
66.0000 14
67.0000 16
68.0000 18
69.0000 17
70.0000 14
71.0000 21
72.0000 10
73.0000 14
74.0000 25
75.0000 28
76.0000 18
77.0000 26
78.0000 31
79.0000 24
80.0000 40
81.0000 32
82.0000 42
83.0000 38
84.0000 34
85.0000 49
86.0000 39
87.0000 52
88.0000 60
89.0000 66
90.0000 68
91.0000 71
92.0000 78
93.0000 99
94.0000 84
95.0000 80
96.0000 109
97.0000 132
98.0000 125
99.0000 116
100.0000 119
101.0000 144
102.0000 130
103.0000 139
104.0000 167
105.0000 193
106.0000 219
107.0000 206
108.0000 224
109.0000 256
110.0000 223
111.0000 254
112.0000 289
113.0000 300
114.0000 313
115.0000 318
116.0000 352
117.0000 363
118.0000 376
119.0000 353
120.0000 433
121.0000 453
122.0000 482
123.0000 475
124.0000 457
125.0000 548
126.0000 543
127.0000 539
128.0000 610
129.0000 604
130.0000 670
131.0000 680
132.0000 653
133.0000 690
134.0000 721
135.0000 738
136.0000 743
137.0000 780
138.0000 813
139.0000 810
140.0000 858
141.0000 873
142.0000 890
143.0000 941
144.0000 911
145.0000 918
146.0000 923
147.0000 952
148.0000 995
149.0000 1047
150.0000 1068
151.0000 1079
152.0000 1083
153.0000 1085
154.0000 1098
155.0000 1149
156.0000 1118
157.0000 1143
158.0000 1147
159.0000 1160
160.0000 1130
161.0000 1201
162.0000 1221
163.0000 1225
164.0000 1313
165.0000 1275
166.0000 1248
167.0000 1279
168.0000 1263
169.0000 1295
170.0000 1326
171.0000 1444
172.0000 1322
173.0000 1341
174.0000 1374
175.0000 1378
176.0000 1441
177.0000 1415
178.0000 1466
179.0000 1476
180.0000 1414
181.0000 1451
182.0000 1523
183.0000 1473
184.0000 1490
185.0000 1527
186.0000 1513
187.0000 1509
188.0000 1535
189.0000 1559
190.0000 1528
191.0000 1557
192.0000 1527
193.0000 1518
194.0000 1557
195.0000 1502
196.0000 1542
197.0000 1505
198.0000 1608
199.0000 1538
200.0000 1533
201.0000 1601
202.0000 1558
203.0000 1537
204.0000 1518
205.0000 1566
206.0000 1549
207.0000 1519
208.0000 1536
209.0000 1516
210.0000 1537
211.0000 1481
212.0000 1515
213.0000 1597
214.0000 1564
215.0000 1509
216.0000 1499
217.0000 1518
218.0000 1522
219.0000 1560
220.0000 1513
221.0000 1565
222.0000 1519
223.0000 1508
224.0000 1498
225.0000 1527
226.0000 1497
227.0000 1460
228.0000 1537
229.0000 1495
230.0000 1464
231.0000 1529
232.0000 1463
233.0000 1549
234.0000 1526
235.0000 1496
236.0000 1578
237.0000 1446
238.0000 1537
239.0000 1511
240.0000 1536
241.0000 1452
242.0000 1513
243.0000 1446
244.0000 1455
245.0000 1455
246.0000 1482
247.0000 1408
248.0000 1569
249.0000 1461
250.0000 1412
251.0000 1483
252.0000 1512
253.0000 1546
254.0000 1490
255.0000 1503
256.0000 1444
257.0000 1530
258.0000 1422
259.0000 1450
260.0000 1465
261.0000 1479
262.0000 1477
263.0000 1393
264.0000 1524
265.0000 1442
266.0000 1489
267.0000 1457
268.0000 1442
269.0000 1449
270.0000 1477
271.0000 1556
272.0000 1577
273.0000 1483
274.0000 1555
275.0000 1599
276.0000 1487
277.0000 1562
278.0000 1517
279.0000 1586
280.0000 1562
281.0000 1477
282.0000 1557
283.0000 1564
284.0000 1563
285.0000 1534
286.0000 1552
287.0000 1515
288.0000 1530
289.0000 1519
290.0000 1531
291.0000 1518
292.0000 1489
293.0000 1477
294.0000 1533
295.0000 1536
296.0000 1544
297.0000 1541
298.0000 1525
299.0000 1533
300.0000 1583
301.0000 1563
302.0000 1629
303.0000 1584
304.0000 1623
305.0000 1559
306.0000 1559
307.0000 1617
308.0000 1586
309.0000 1544
310.0000 1583
311.0000 1555
312.0000 1545
313.0000 1532
314.0000 1599
315.0000 1590
316.0000 1599
317.0000 1547
318.0000 1586
319.0000 1581
320.0000 1555
321.0000 683
322.0000 8
323.0000 12
324.0000 8
325.0000 8
326.0000 16
327.0000 3
328.0000 1
329.0000 5
330.0000 3
331.0000 0
332.0000 0
333.0000 4
334.0000 1
335.0000 1
336.0000 0
337.0000 2
338.0000 1
339.0000 2
340.0000 2
341.0000 2
342.0000 3
343.0000 2
344.0000 4
345.0000 5
346.0000 1
347.0000 1
348.0000 0
349.0000 1
350.0000 6
351.0000 2
352.0000 1
353.0000 4
354.0000 4
355.0000 0
356.0000 3
357.0000 2
358.0000 3
359.0000 0
360.0000 0
361.0000 1
362.0000 6
363.0000 1
364.0000 1
365.0000 0
366.0000 2
367.0000 2
368.0000 3
369.0000 0
370.0000 3
371.0000 6
372.0000 3
373.0000 3
374.0000 5
375.0000 4
376.0000 2
377.0000 3
378.0000 3
379.0000 2
380.0000 2
381.0000 6
382.0000 1
383.0000 1
384.0000 1
385.0000 2
386.0000 1
387.0000 2
388.0000 3
389.0000 2
390.0000 3
391.0000 3
392.0000 5
393.0000 2
394.0000 1
395.0000 4
396.0000 3
397.0000 3
398.0000 5
399.0000 7
400.0000 27
401.0000 22
402.0000 4
403.0000 5
404.0000 7
405.0000 2
406.0000 6
407.0000 6
408.0000 10
409.0000 8
410.0000 13
411.0000 5
412.0000 10
413.0000 8
414.0000 6
415.0000 9
416.0000 12
417.0000 10
418.0000 11
419.0000 12
420.0000 9
421.0000 15
422.0000 13
423.0000 20
424.0000 19
425.0000 35
426.0000 36
427.0000 37
428.0000 28
429.0000 54
430.0000 38
431.0000 39
432.0000 56
433.0000 51
434.0000 58
435.0000 55
436.0000 65
437.0000 62
438.0000 53
439.0000 75
440.0000 68
441.0000 69
442.0000 81
443.0000 80
444.0000 95
445.0000 92
446.0000 104
447.0000 121
448.0000 131
449.0000 121
450.0000 144
451.0000 125
452.0000 163
453.0000 156
454.0000 161
455.0000 191
456.0000 190
457.0000 202
458.0000 207
459.0000 223
460.0000 262
461.0000 273
462.0000 289
463.0000 317
464.0000 342
465.0000 343
466.0000 347
467.0000 372
468.0000 359
469.0000 387
470.0000 404
471.0000 460
472.0000 450
473.0000 488
474.0000 501
475.0000 478
476.0000 559
477.0000 545
478.0000 579
479.0000 598
480.0000 662
481.0000 685
482.0000 672
483.0000 692
484.0000 757
485.0000 755
486.0000 736
487.0000 827
488.0000 814
489.0000 829
490.0000 879
491.0000 784
492.0000 902
493.0000 843
494.0000 891
495.0000 958
496.0000 932
497.0000 909
498.0000 962
499.0000 924
500.0000 1035
501.0000 1070
502.0000 1030
503.0000 1065
504.0000 1095
505.0000 1155
506.0000 1070
507.0000 1108
508.0000 1134
509.0000 1142
510.0000 1200
511.0000 1234
512.0000 1243
513.0000 1357
514.0000 1243
515.0000 1271
516.0000 1386
517.0000 1266
518.0000 1401
519.0000 1322
520.0000 1346
521.0000 1386
522.0000 1433
523.0000 1335
524.0000 1437
525.0000 1393
526.0000 1468
527.0000 1462
528.0000 1454
529.0000 1456
530.0000 1516
531.0000 1380
532.0000 1469
533.0000 1454
534.0000 1397
535.0000 1444
536.0000 1487
537.0000 1502
538.0000 1445
539.0000 1453
540.0000 1491
541.0000 1513
542.0000 1539
543.0000 1466
544.0000 1524
545.0000 1464
546.0000 1538
547.0000 1487
548.0000 1503
549.0000 1436
550.0000 1514
551.0000 1476
552.0000 1481
553.0000 1476
554.0000 1527
555.0000 1526
556.0000 1541
557.0000 1479
558.0000 1590
559.0000 1565
560.0000 1545
561.0000 1516
562.0000 1471
563.0000 1499
564.0000 1579
565.0000 1495
566.0000 1500
567.0000 1565
568.0000 1515
569.0000 1496
570.0000 1490
571.0000 1515
572.0000 1544
573.0000 1469
574.0000 1518
575.0000 1547
576.0000 1490
577.0000 1509
578.0000 1470
579.0000 1549
580.0000 1525
581.0000 1534
582.0000 1436
583.0000 1470
584.0000 1443
585.0000 1387
586.0000 1472
587.0000 1501
588.0000 1479
589.0000 1592
590.0000 1559
591.0000 1548
592.0000 1493
593.0000 1482
594.0000 1507
595.0000 1520
596.0000 1451
597.0000 1429
598.0000 1543
599.0000 1472
600.0000 1481
601.0000 1480
602.0000 1496
603.0000 1485
604.0000 1530
605.0000 1531
606.0000 1519
607.0000 1549
608.0000 1532
609.0000 1487
610.0000 1480
611.0000 1505
612.0000 1501
613.0000 1459
614.0000 1551
615.0000 1501
616.0000 1574
617.0000 1438
618.0000 1472
619.0000 1523
620.0000 1492
621.0000 1553
622.0000 1404
623.0000 1540
624.0000 1508
625.0000 1539
626.0000 1483
627.0000 1456
628.0000 1509
629.0000 1480
630.0000 1518
631.0000 1482
632.0000 1463
633.0000 1411
634.0000 1508
635.0000 1461
636.0000 1412
637.0000 1461
638.0000 1533
639.0000 1509
640.0000 1571
641.0000 1509
642.0000 1549
643.0000 1528
644.0000 1483
645.0000 1470
646.0000 1510
647.0000 1521
648.0000 1458
649.0000 1611
650.0000 1517
651.0000 1569
652.0000 1582
653.0000 1544
654.0000 1589
655.0000 1512
656.0000 1466
657.0000 1510
658.0000 1506
659.0000 1512
660.0000 1527
661.0000 1575
662.0000 1570
663.0000 1619
664.0000 1488
665.0000 1551
666.0000 1515
667.0000 1562
668.0000 1473
669.0000 1562
670.0000 1549
671.0000 715
672.0000 3
673.0000 2
674.0000 2
675.0000 3
676.0000 3
677.0000 2
678.0000 9
679.0000 1
680.0000 3
681.0000 6
682.0000 1
683.0000 0
684.0000 0
685.0000 0
686.0000 0
687.0000 0
688.0000 1
689.0000 1
690.0000 0
691.0000 0
692.0000 2
693.0000 1
694.0000 1
695.0000 0
696.0000 0
697.0000 3
698.0000 0
699.0000 1
