0.0000 0
0.5000 1
1.0000 0
1.5000 2
2.0000 2
2.5000 0
3.0000 0
3.5000 0
4.0000 0
4.5000 0
5.0000 0
5.5000 0
6.0000 0
6.5000 0
7.0000 0
7.5000 0
8.0000 0
8.5000 3
9.0000 2
9.5000 0
10.0000 1
10.5000 0
11.0000 1
11.5000 3
12.0000 1
12.5000 0
13.0000 2
13.5000 1
14.0000 0
14.5000 3
15.0000 2
15.5000 2
16.0000 0
16.5000 1
17.0000 2
17.5000 1
18.0000 2
18.5000 4
19.0000 0
19.5000 3
20.0000 1
20.5000 5
21.0000 5
21.5000 5
22.0000 0
22.5000 3
23.0000 8
23.5000 6
24.0000 8
24.5000 4
25.0000 2
25.5000 6
26.0000 5
26.5000 6
27.0000 4
27.5000 10
28.0000 7
28.5000 8
29.0000 14
29.5000 13
30.0000 17
30.5000 11
31.0000 21
31.5000 17
32.0000 16
32.5000 18
33.0000 24
33.5000 28
34.0000 20
34.5000 23
35.0000 26
35.5000 33
36.0000 23
36.5000 50
37.0000 47
37.5000 54
38.0000 56
38.5000 47
39.0000 51
39.5000 58
40.0000 89
40.5000 66
41.0000 72
41.5000 73
42.0000 62
42.5000 86
43.0000 82
43.5000 101
44.0000 98
44.5000 88
45.0000 118
45.5000 128
46.0000 120
46.5000 112
47.0000 138
47.5000 131
48.0000 144
48.5000 128
49.0000 129
49.5000 163
50.0000 148
50.5000 160
51.0000 146
51.5000 163
52.0000 194
52.5000 165
53.0000 173
53.5000 206
54.0000 176
54.5000 174
55.0000 203
55.5000 191
56.0000 232
56.5000 204
57.0000 195
57.5000 209
58.0000 235
58.5000 227
59.0000 198
59.5000 236
60.0000 209
60.5000 213
61.0000 259
61.5000 224
62.0000 249
62.5000 239
63.0000 226
63.5000 272
64.0000 224
64.5000 273
65.0000 244
65.5000 272
66.0000 270
66.5000 277
67.0000 253
67.5000 259
68.0000 312
68.5000 288
69.0000 269
69.5000 309
70.0000 320
70.5000 298
71.0000 298
71.5000 288
72.0000 296
72.5000 301
73.0000 306
73.5000 296
74.0000 305
74.5000 329
75.0000 308
75.5000 323
76.0000 292
76.5000 320
77.0000 332
77.5000 303
78.0000 330
78.5000 299
79.0000 318
79.5000 293
80.0000 296
80.5000 296
81.0000 313
81.5000 311
82.0000 292
82.5000 312
83.0000 308
83.5000 297
84.0000 348
84.5000 309
85.0000 323
85.5000 334
86.0000 329
86.5000 332
87.0000 333
87.5000 347
88.0000 310
88.5000 311
89.0000 298
89.5000 317
90.0000 331
90.5000 325
91.0000 360
91.5000 341
92.0000 339
92.5000 308
93.0000 308
93.5000 323
94.0000 326
94.5000 355
95.0000 342
95.5000 329
96.0000 340
96.5000 326
97.0000 337
97.5000 351
98.0000 342
98.5000 371
99.0000 365
99.5000 332
100.0000 347
100.5000 355
101.0000 376
101.5000 372
102.0000 336
102.5000 360
103.0000 353
103.5000 366
104.0000 345
104.5000 332
105.0000 364
105.5000 349
106.0000 356
106.5000 386
107.0000 367
107.5000 333
108.0000 369
108.5000 366
109.0000 329
109.5000 351
110.0000 371
110.5000 375
111.0000 354
111.5000 348
112.0000 381
112.5000 408
113.0000 382
113.5000 377
114.0000 377
114.5000 363
115.0000 383
115.5000 355
116.0000 411
116.5000 353
117.0000 387
117.5000 382
118.0000 353
118.5000 377
119.0000 402
119.5000 368
120.0000 384
120.5000 368
121.0000 376
121.5000 352
122.0000 404
122.5000 380
123.0000 372
123.5000 361
124.0000 356
124.5000 354
125.0000 356
125.5000 408
126.0000 365
126.5000 375
127.0000 385
127.5000 424
128.0000 423
128.5000 373
129.0000 395
129.5000 393
130.0000 415
130.5000 363
131.0000 399
131.5000 399
132.0000 397
132.5000 402
133.0000 408
133.5000 377
134.0000 395
134.5000 431
135.0000 380
135.5000 387
136.0000 393
136.5000 402
137.0000 405
137.5000 423
138.0000 403
138.5000 446
139.0000 401
139.5000 400
140.0000 407
140.5000 396
141.0000 378
141.5000 395
142.0000 447
142.5000 394
143.0000 405
143.5000 424
144.0000 423
144.5000 423
145.0000 427
145.5000 426
146.0000 437
146.5000 374
147.0000 426
147.5000 397
148.0000 406
148.5000 413
149.0000 409
149.5000 400
150.0000 394
150.5000 413
151.0000 447
151.5000 430
152.0000 415
152.5000 430
153.0000 461
153.5000 408
154.0000 459
154.5000 431
155.0000 415
155.5000 420
156.0000 406
156.5000 432
157.0000 449
157.5000 449
158.0000 429
158.5000 414
159.0000 454
159.5000 430
160.0000 443
160.5000 353
161.0000 0
161.5000 0
162.0000 0
162.5000 1
163.0000 0
163.5000 0
164.0000 3
164.5000 0
165.0000 4
165.5000 0
166.0000 0
166.5000 0
167.0000 0
167.5000 0
168.0000 0
168.5000 0
169.0000 0
169.5000 0
170.0000 0
170.5000 0
171.0000 1
171.5000 0
172.0000 0
172.5000 0
173.0000 1
173.5000 0
174.0000 0
174.5000 1
175.0000 0
175.5000 0
176.0000 0
176.5000 1
177.0000 1
177.5000 0
178.0000 1
178.5000 1
179.0000 2
179.5000 2
180.0000 2
180.5000 0
181.0000 1
181.5000 0
182.0000 0
182.5000 0
183.0000 2
183.5000 0
184.0000 1
184.5000 0
185.0000 1
185.5000 0
186.0000 1
186.5000 2
187.0000 1
187.5000 0
188.0000 2
188.5000 2
189.0000 1
189.5000 2
190.0000 1
190.5000 3
191.0000 2
191.5000 2
192.0000 3
192.5000 0
193.0000 2
193.5000 4
194.0000 6
194.5000 5
195.0000 7
195.5000 4
196.0000 5
196.5000 7
197.0000 2
197.5000 4
198.0000 7
198.5000 6
199.0000 12
199.5000 10
200.0000 6
200.5000 13
201.0000 7
201.5000 12
202.0000 11
202.5000 15
203.0000 21
203.5000 11
204.0000 14
204.5000 17
205.0000 16
205.5000 17
206.0000 21
206.5000 23
207.0000 34
207.5000 30
208.0000 33
208.5000 25
209.0000 48
209.5000 45
210.0000 33
210.5000 49
211.0000 43
211.5000 53
212.0000 56
212.5000 65
213.0000 72
213.5000 63
214.0000 83
214.5000 64
215.0000 57
215.5000 82
216.0000 94
216.5000 85
217.0000 95
217.5000 107
218.0000 112
218.5000 109
219.0000 98
219.5000 120
220.0000 120
220.5000 134
221.0000 128
221.5000 126
222.0000 146
222.5000 143
223.0000 131
223.5000 156
224.0000 173
224.5000 166
225.0000 161
225.5000 171
226.0000 184
226.5000 184
227.0000 180
227.5000 187
228.0000 201
228.5000 189
229.0000 219
229.5000 216
230.0000 181
230.5000 196
231.0000 209
231.5000 217
232.0000 214
232.5000 241
233.0000 214
233.5000 246
234.0000 212
234.5000 225
235.0000 239
235.5000 227
236.0000 267
236.5000 212
237.0000 243
237.5000 250
238.0000 255
238.5000 256
239.0000 279
239.5000 265
240.0000 251
240.5000 242
241.0000 276
241.5000 256
242.0000 270
242.5000 277
243.0000 277
243.5000 267
244.0000 229
244.5000 284
245.0000 288
245.5000 293
246.0000 277
246.5000 295
247.0000 301
247.5000 316
248.0000 304
248.5000 259
249.0000 267
249.5000 307
250.0000 302
250.5000 283
251.0000 303
251.5000 283
252.0000 280
252.5000 298
253.0000 317
253.5000 289
254.0000 304
254.5000 273
255.0000 312
255.5000 322
256.0000 349
256.5000 364
257.0000 341
257.5000 300
258.0000 306
258.5000 329
259.0000 325
259.5000 337
260.0000 301
260.5000 317
261.0000 318
261.5000 309
262.0000 264
262.5000 301
263.0000 370
263.5000 328
264.0000 339
264.5000 317
265.0000 327
265.5000 356
266.0000 366
266.5000 318
267.0000 403
267.5000 313
268.0000 361
268.5000 342
269.0000 343
269.5000 317
270.0000 334
270.5000 322
271.0000 343
271.5000 346
272.0000 351
272.5000 348
273.0000 367
273.5000 371
274.0000 374
274.5000 341
275.0000 332
275.5000 334
276.0000 330
276.5000 306
277.0000 338
277.5000 376
278.0000 376
278.5000 359
279.0000 357
279.5000 314
280.0000 338
280.5000 359
281.0000 341
281.5000 369
282.0000 346
282.5000 356
283.0000 360
283.5000 353
284.0000 338
284.5000 378
285.0000 381
285.5000 349
286.0000 360
286.5000 374
287.0000 408
287.5000 387
288.0000 363
288.5000 395
289.0000 367
289.5000 362
290.0000 368
290.5000 383
291.0000 385
291.5000 381
292.0000 376
292.5000 368
293.0000 405
293.5000 379
294.0000 368
294.5000 387
295.0000 378
295.5000 402
296.0000 399
296.5000 365
297.0000 374
297.5000 398
298.0000 364
298.5000 367
299.0000 379
299.5000 380
300.0000 386
300.5000 397
301.0000 401
301.5000 406
302.0000 370
302.5000 393
303.0000 385
303.5000 383
304.0000 410
304.5000 393
305.0000 411
305.5000 384
306.0000 354
306.5000 382
307.0000 375
307.5000 404
308.0000 402
308.5000 427
309.0000 378
309.5000 406
310.0000 393
310.5000 379
311.0000 403
311.5000 442
312.0000 380
312.5000 374
313.0000 442
313.5000 405
314.0000 397
314.5000 401
315.0000 425
315.5000 439
316.0000 420
316.5000 413
317.0000 395
317.5000 421
318.0000 409
318.5000 433
319.0000 384
319.5000 400
320.0000 385
320.5000 426
321.0000 393
321.5000 415
322.0000 435
322.5000 428
323.0000 443
323.5000 423
324.0000 428
324.5000 441
325.0000 394
325.5000 422
326.0000 440
326.5000 393
327.0000 403
327.5000 425
328.0000 426
328.5000 414
329.0000 420
329.5000 417
330.0000 418
330.5000 379
331.0000 0
331.5000 0
332.0000 0
332.5000 0
333.0000 1
333.5000 0
334.0000 0
334.5000 0
335.0000 0
335.5000 0
336.0000 1
336.5000 0
337.0000 0
337.5000 2
338.0000 1
338.5000 0
339.0000 1
339.5000 0
340.0000 1
340.5000 0
341.0000 1
341.5000 0
342.0000 0
342.5000 0
343.0000 0
343.5000 0
344.0000 1
344.5000 0
345.0000 0
345.5000 2
346.0000 0
346.5000 1
347.0000 1
347.5000 0
348.0000 2
348.5000 3
349.0000 0
349.5000 0
350.0000 1
350.5000 0
351.0000 0
351.5000 1
352.0000 2
352.5000 1
353.0000 1
353.5000 1
354.0000 0
354.5000 1
355.0000 1
355.5000 2
356.0000 0
356.5000 0
357.0000 2
357.5000 0
358.0000 1
358.5000 1
359.0000 1
359.5000 2
360.0000 1
360.5000 4
361.0000 1
361.5000 3
362.0000 1
362.5000 2
363.0000 6
363.5000 2
364.0000 1
364.5000 1
365.0000 2
365.5000 3
366.0000 3
366.5000 6
367.0000 5
367.5000 5
368.0000 4
368.5000 4
369.0000 4
369.5000 3
370.0000 8
370.5000 9
371.0000 11
371.5000 12
372.0000 7
372.5000 5
373.0000 12
373.5000 13
374.0000 13
374.5000 9
375.0000 20
375.5000 20
376.0000 19
376.5000 16
377.0000 17
377.5000 21
378.0000 21
378.5000 21
379.0000 26
379.5000 29
380.0000 27
380.5000 31
381.0000 35
381.5000 34
382.0000 32
382.5000 40
383.0000 53
383.5000 48
384.0000 69
384.5000 73
385.0000 66
385.5000 68
386.0000 67
386.5000 74
387.0000 90
387.5000 73
388.0000 82
388.5000 91
389.0000 105
389.5000 98
390.0000 107
390.5000 105
391.0000 127
391.5000 131
392.0000 125
392.5000 122
393.0000 164
393.5000 143
394.0000 124
394.5000 157
395.0000 152
395.5000 155
396.0000 150
396.5000 175
397.0000 172
397.5000 150
398.0000 183
398.5000 175
399.0000 167
399.5000 193
400.0000 198
400.5000 194
401.0000 199
401.5000 196
402.0000 184
402.5000 237
403.0000 216
403.5000 234
404.0000 224
404.5000 252
405.0000 251
405.5000 239
406.0000 227
406.5000 244
407.0000 246
407.5000 221
408.0000 217
408.5000 249
409.0000 250
409.5000 246
410.0000 228
410.5000 239
411.0000 259
411.5000 239
412.0000 274
412.5000 242
413.0000 231
413.5000 292
414.0000 262
414.5000 276
415.0000 272
415.5000 257
416.0000 272
416.5000 270
417.0000 275
417.5000 285
418.0000 272
418.5000 300
419.0000 270
419.5000 278
420.0000 263
420.5000 270
421.0000 264
421.5000 278
422.0000 309
422.5000 293
423.0000 301
423.5000 292
424.0000 292
424.5000 331
425.0000 344
425.5000 334
426.0000 298
426.5000 294
427.0000 321
427.5000 337
428.0000 308
428.5000 304
429.0000 288
429.5000 319
430.0000 334
430.5000 297
431.0000 300
431.5000 326
432.0000 319
432.5000 357
433.0000 313
433.5000 337
434.0000 320
434.5000 308
435.0000 297
435.5000 308
436.0000 332
436.5000 349
437.0000 319
437.5000 333
438.0000 324
438.5000 333
439.0000 325
439.5000 347
440.0000 351
440.5000 338
441.0000 337
441.5000 380
442.0000 343
442.5000 357
443.0000 345
443.5000 364
444.0000 366
444.5000 338
445.0000 335
445.5000 351
446.0000 371
446.5000 391
447.0000 312
447.5000 327
448.0000 348
448.5000 339
449.0000 360
449.5000 365
450.0000 349
450.5000 366
451.0000 350
451.5000 332
452.0000 341
452.5000 369
453.0000 356
453.5000 350
454.0000 365
454.5000 338
455.0000 356
455.5000 364
456.0000 344
456.5000 381
457.0000 355
457.5000 371
458.0000 358
458.5000 377
459.0000 348
459.5000 399
460.0000 374
460.5000 390
461.0000 382
461.5000 329
462.0000 371
462.5000 392
463.0000 386
463.5000 362
464.0000 386
464.5000 360
465.0000 389
465.5000 375
466.0000 389
466.5000 381
467.0000 373
467.5000 360
468.0000 424
468.5000 376
469.0000 371
469.5000 410
470.0000 415
470.5000 425
471.0000 390
471.5000 397
472.0000 413
472.5000 390
473.0000 372
473.5000 407
474.0000 350
474.5000 383
475.0000 390
475.5000 384
476.0000 385
476.5000 371
477.0000 400
477.5000 403
478.0000 376
478.5000 402
479.0000 390
479.5000 401
480.0000 393
480.5000 427
481.0000 395
481.5000 407
482.0000 452
482.5000 400
483.0000 425
483.5000 398
484.0000 384
484.5000 380
485.0000 421
485.5000 409
486.0000 384
486.5000 416
487.0000 416
487.5000 411
488.0000 397
488.5000 394
489.0000 415
489.5000 377
490.0000 410
490.5000 425
491.0000 434
491.5000 418
492.0000 405
492.5000 419
493.0000 424
493.5000 429
494.0000 434
494.5000 428
495.0000 412
495.5000 424
496.0000 383
496.5000 391
497.0000 417
497.5000 417
498.0000 391
498.5000 395
499.0000 417
499.5000 428
500.0000 403
500.5000 365
501.0000 1
501.5000 0
502.0000 0
502.5000 0
503.0000 0
503.5000 0
504.0000 0
504.5000 0
505.0000 0
505.5000 1
506.0000 1
506.5000 0
507.0000 0
507.5000 1
508.0000 0
508.5000 0
509.0000 0
509.5000 0
510.0000 0
510.5000 0
511.0000 0
511.5000 0
512.0000 1
512.5000 0
513.0000 1
513.5000 0
514.0000 1
514.5000 0
515.0000 0
515.5000 1
516.0000 0
516.5000 2
517.0000 1
517.5000 3
518.0000 2
518.5000 0
519.0000 0
519.5000 3
520.0000 0
520.5000 0
521.0000 1
521.5000 0
522.0000 0
522.5000 4
523.0000 0
523.5000 0
524.0000 1
524.5000 0
525.0000 0
525.5000 0
526.0000 4
526.5000 0
527.0000 3
527.5000 1
528.0000 2
528.5000 1
529.0000 1
529.5000 4
530.0000 4
530.5000 1
531.0000 5
531.5000 0
532.0000 1
532.5000 5
533.0000 0
533.5000 3
534.0000 1
534.5000 2
535.0000 2
535.5000 3
536.0000 2
536.5000 4
537.0000 6
537.5000 1
538.0000 7
538.5000 6
539.0000 6
539.5000 4
540.0000 5
540.5000 6
541.0000 16
541.5000 9
542.0000 12
542.5000 9
543.0000 9
543.5000 8
544.0000 11
544.5000 12
545.0000 16
545.5000 9
546.0000 15
546.5000 15
547.0000 19
547.5000 24
548.0000 22
548.5000 22
549.0000 24
549.5000 21
550.0000 21
550.5000 33
551.0000 28
551.5000 35
552.0000 53
552.5000 43
553.0000 33
553.5000 45
554.0000 46
554.5000 51
555.0000 43
555.5000 52
556.0000 66
556.5000 67
557.0000 72
557.5000 85
558.0000 83
558.5000 81
559.0000 82
559.5000 84
560.0000 118
560.5000 104
561.0000 91
561.5000 101
562.0000 94
562.5000 118
563.0000 129
563.5000 135
564.0000 146
564.5000 148
565.0000 146
565.5000 146
566.0000 164
566.5000 155
567.0000 169
567.5000 156
568.0000 186
568.5000 190
569.0000 165
569.5000 181
570.0000 179
570.5000 183
571.0000 194
571.5000 211
572.0000 182
572.5000 203
573.0000 212
573.5000 208
574.0000 181
574.5000 198
575.0000 204
575.5000 227
576.0000 229
576.5000 219
577.0000 242
577.5000 222
578.0000 212
578.5000 218
579.0000 242
579.5000 237
580.0000 242
580.5000 239
581.0000 244
581.5000 244
582.0000 259
582.5000 226
583.0000 246
583.5000 245
584.0000 256
584.5000 289
585.0000 259
585.5000 279
586.0000 253
586.5000 237
587.0000 306
587.5000 270
588.0000 271
588.5000 295
589.0000 271
589.5000 271
590.0000 297
590.5000 296
591.0000 257
591.5000 285
592.0000 268
592.5000 295
593.0000 310
593.5000 266
594.0000 305
594.5000 289
595.0000 273
595.5000 310
596.0000 300
596.5000 308
597.0000 294
597.5000 306
598.0000 301
598.5000 339
599.0000 292
599.5000 303
600.0000 324
600.5000 304
601.0000 322
601.5000 308
602.0000 322
602.5000 309
603.0000 315
603.5000 324
604.0000 319
604.5000 297
605.0000 325
605.5000 316
606.0000 312
606.5000 339
607.0000 323
607.5000 318
608.0000 312
608.5000 329
609.0000 318
609.5000 360
610.0000 329
610.5000 312
611.0000 342
611.5000 344
612.0000 334
612.5000 327
613.0000 329
613.5000 355
614.0000 359
614.5000 357
615.0000 354
615.5000 355
616.0000 349
616.5000 347
617.0000 348
617.5000 369
618.0000 363
618.5000 304
619.0000 362
619.5000 358
620.0000 340
620.5000 356
621.0000 338
621.5000 350
622.0000 342
622.5000 346
623.0000 355
623.5000 353
624.0000 322
624.5000 357
625.0000 358
625.5000 375
626.0000 341
626.5000 331
627.0000 366
627.5000 398
628.0000 368
628.5000 350
629.0000 365
629.5000 382
630.0000 350
630.5000 381
631.0000 363
631.5000 367
632.0000 354
632.5000 350
633.0000 376
633.5000 354
634.0000 348
634.5000 351
635.0000 365
635.5000 363
636.0000 387
636.5000 410
637.0000 355
637.5000 376
638.0000 400
638.5000 371
639.0000 376
639.5000 338
640.0000 395
640.5000 381
641.0000 354
641.5000 367
642.0000 377
642.5000 362
643.0000 434
643.5000 366
644.0000 378
644.5000 394
645.0000 394
645.5000 409
646.0000 381
646.5000 371
647.0000 376
647.5000 331
648.0000 405
648.5000 395
649.0000 378
649.5000 376
650.0000 372
650.5000 415
651.0000 393
651.5000 387
652.0000 381
652.5000 423
653.0000 383
653.5000 398
654.0000 384
654.5000 413
655.0000 396
655.5000 420
656.0000 405
656.5000 415
657.0000 376
657.5000 397
658.0000 422
658.5000 382
659.0000 463
659.5000 411
660.0000 380
660.5000 414
661.0000 409
661.5000 404
662.0000 425
662.5000 421
663.0000 408
663.5000 434
664.0000 440
664.5000 433
665.0000 393
665.5000 397
666.0000 439
666.5000 423
667.0000 397
667.5000 405
668.0000 406
668.5000 404
669.0000 412
669.5000 395
670.0000 413
670.5000 409
671.0000 0
671.5000 0
672.0000 0
672.5000 0
673.0000 0
673.5000 0
674.0000 1
674.5000 0
675.0000 0
675.5000 1
676.0000 0
676.5000 1
677.0000 0
677.5000 0
678.0000 0
678.5000 0
679.0000 1
679.5000 1
680.0000 0
680.5000 0
681.0000 1
681.5000 0
682.0000 1
682.5000 0
683.0000 0
683.5000 0
684.0000 0
684.5000 1
685.0000 0
685.5000 0
686.0000 0
686.5000 0
687.0000 0
687.5000 0
688.0000 0
688.5000 0
689.0000 0
689.5000 0
690.0000 0
690.5000 0
691.0000 0
691.5000 2
692.0000 1
692.5000 1
693.0000 0
693.5000 0
694.0000 0
694.5000 0
695.0000 1
695.5000 0
696.0000 0
696.5000 1
697.0000 0
697.5000 1
698.0000 2
698.5000 1
699.0000 1
699.5000 3
700.0000 2
700.5000 1
701.0000 0
701.5000 2
702.0000 1
702.5000 4
703.0000 2
703.5000 2
704.0000 0
704.5000 1
705.0000 4
705.5000 2
706.0000 3
706.5000 0
707.0000 3
707.5000 3
708.0000 2
708.5000 2
709.0000 3
709.5000 4
710.0000 2
710.5000 8
711.0000 5
711.5000 7
712.0000 8
712.5000 6
713.0000 4
713.5000 5
714.0000 7
714.5000 12
715.0000 8
715.5000 7
716.0000 11
716.5000 12
717.0000 12
717.5000 15
718.0000 14
718.5000 16
719.0000 17
719.5000 18
720.0000 22
720.5000 27
721.0000 33
721.5000 29
722.0000 32
722.5000 31
723.0000 33
723.5000 38
724.0000 50
724.5000 37
725.0000 52
725.5000 55
726.0000 56
726.5000 60
727.0000 59
727.5000 56
728.0000 68
728.5000 57
729.0000 72
729.5000 78
730.0000 84
730.5000 94
731.0000 95
731.5000 95
732.0000 72
732.5000 107
733.0000 110
733.5000 113
734.0000 116
734.5000 128
735.0000 139
735.5000 145
736.0000 162
736.5000 164
737.0000 162
737.5000 152
738.0000 131
738.5000 158
739.0000 178
739.5000 173
740.0000 198
740.5000 189
741.0000 198
741.5000 201
742.0000 177
742.5000 201
743.0000 219
743.5000 195
744.0000 191
744.5000 225
745.0000 210
745.5000 228
746.0000 198
746.5000 224
747.0000 195
747.5000 233
748.0000 220
748.5000 250
749.0000 202
749.5000 230
750.0000 238
750.5000 211
751.0000 229
751.5000 257
752.0000 228
752.5000 242
753.0000 263
753.5000 255
754.0000 253
754.5000 264
755.0000 268
755.5000 269
756.0000 237
756.5000 263
757.0000 258
757.5000 246
758.0000 287
758.5000 284
759.0000 238
759.5000 267
760.0000 290
760.5000 281
761.0000 277
761.5000 289
762.0000 286
762.5000 303
763.0000 300
763.5000 285
764.0000 289
764.5000 278
765.0000 294
765.5000 262
766.0000 298
766.5000 293
767.0000 294
767.5000 272
768.0000 306
768.5000 303
769.0000 311
769.5000 281
770.0000 298
770.5000 283
771.0000 317
771.5000 323
772.0000 301
772.5000 299
773.0000 325
773.5000 348
774.0000 306
774.5000 327
775.0000 306
775.5000 311
776.0000 298
776.5000 335
777.0000 330
777.5000 343
778.0000 351
778.5000 335
779.0000 317
779.5000 335
780.0000 325
780.5000 348
781.0000 333
781.5000 318
782.0000 350
782.5000 331
783.0000 322
783.5000 368
784.0000 327
784.5000 332
785.0000 331
785.5000 320
786.0000 312
786.5000 347
787.0000 346
787.5000 342
788.0000 325
788.5000 298
789.0000 316
789.5000 333
790.0000 316
790.5000 336
791.0000 338
791.5000 359
792.0000 344
792.5000 338
793.0000 350
793.5000 333
794.0000 366
794.5000 324
795.0000 374
795.5000 353
796.0000 359
796.5000 365
797.0000 326
797.5000 370
798.0000 363
798.5000 350
799.0000 366
799.5000 366
800.0000 364
800.5000 384
801.0000 341
801.5000 358
802.0000 329
802.5000 366
803.0000 379
803.5000 359
804.0000 342
804.5000 388
805.0000 353
805.5000 365
806.0000 367
806.5000 358
807.0000 352
807.5000 340
808.0000 389
808.5000 381
809.0000 399
809.5000 406
810.0000 372
810.5000 375
811.0000 390
811.5000 394
812.0000 349
812.5000 389
813.0000 371
813.5000 393
814.0000 419
814.5000 370
815.0000 383
815.5000 368
816.0000 388
816.5000 409
817.0000 400
817.5000 360
818.0000 361
818.5000 372
819.0000 401
819.5000 411
820.0000 389
820.5000 410
821.0000 380
821.5000 411
822.0000 388
822.5000 380
823.0000 395
823.5000 415
824.0000 373
824.5000 412
825.0000 415
825.5000 406
826.0000 410
826.5000 407
827.0000 359
827.5000 399
828.0000 396
828.5000 393
829.0000 436
829.5000 373
830.0000 410
830.5000 392
831.0000 391
831.5000 397
832.0000 399
832.5000 393
833.0000 366
833.5000 413
834.0000 415
834.5000 405
835.0000 412
835.5000 411
836.0000 409
836.5000 446
837.0000 392
837.5000 396
838.0000 432
838.5000 437
839.0000 404
839.5000 417
840.0000 405
840.5000 407
841.0000 0
841.5000 3
842.0000 2
842.5000 2
843.0000 1
843.5000 0
844.0000 0
844.5000 0
845.0000 0
845.5000 0
846.0000 0
846.5000 0
847.0000 0
847.5000 0
848.0000 0
848.5000 0
849.0000 0
849.5000 2
