0.0000 3571
0.1250 3715
0.2500 3716
0.3750 3744
0.5000 3594
0.6250 3625
0.7500 3533
0.8750 3581
1.0000 3625
1.1250 3421
1.2500 3687
1.3750 3568
1.5000 3459
1.6250 3576
1.7500 3484
1.8750 3621
2.0000 3547
2.1250 3554
2.2500 3610
2.3750 3787
2.5000 3687
2.6250 3608
2.7500 3504
2.8750 3488
3.0000 3487
3.1250 3522
3.2500 3496
3.3750 3521
3.5000 3546
3.6250 3443
3.7500 3272
3.8750 3348
4.0000 3413
4.1250 3353
4.2500 3275
4.3750 3348
4.5000 3250
4.6250 3264
4.7500 3418
4.8750 3213
5.0000 3238
5.1250 3310
5.2500 3154
5.3750 3183
5.5000 3124
5.6250 3092
5.7500 3134
5.8750 2973
6.0000 2956
6.1250 3040
6.2500 3020
6.3750 3004
6.5000 2850
6.6250 2901
6.7500 2595
6.8750 2323
7.0000 1865
7.1250 1539
7.2500 1408
7.3750 799
7.5000 326
7.6250 131
7.7500 22
7.8750 6
8.0000 4
8.1250 2
8.2500 8
8.3750 0
8.5000 2
8.6250 2
8.7500 2
8.8750 0
9.0000 2
9.1250 6
9.2500 4
9.3750 4
9.5000 0
9.6250 0
9.7500 4
9.8750 0
10.0000 2
10.1250 2
10.2500 0
10.3750 2
10.5000 2
10.6250 2
10.7500 0
10.8750 2
11.0000 2
11.1250 0
11.2500 4
11.3750 2
11.5000 0
11.6250 8
11.7500 6
11.8750 0
12.0000 2
12.1250 0
12.2500 0
12.3750 4
