0.0000 1656
0.1250 1551
0.2500 1512
0.3750 1510
0.5000 1643
0.6250 1605
0.7500 1461
0.8750 1585
1.0000 1505
1.1250 1563
1.2500 1488
1.3750 1520
1.5000 1531
1.6250 1530
1.7500 1525
1.8750 1540
2.0000 1653
2.1250 1547
2.2500 1554
2.3750 1497
2.5000 1573
2.6250 1566
2.7500 1581
2.8750 1584
3.0000 1547
3.1250 1434
3.2500 1572
3.3750 1528
3.5000 1511
3.6250 1399
3.7500 1494
3.8750 1520
4.0000 1502
4.1250 1509
4.2500 1364
4.3750 1535
4.5000 1478
4.6250 1444
4.7500 1501
4.8750 1289
5.0000 1338
5.1250 1418
5.2500 1332
5.3750 1367
5.5000 1394
5.6250 1326
5.7500 1302
5.8750 1361
6.0000 1338
6.1250 1382
6.2500 1336
6.3750 1153
6.5000 1371
6.6250 1243
6.7500 1098
6.8750 1017
7.0000 882
7.1250 627
7.2500 389
7.3750 178
7.5000 126
7.6250 42
7.7500 10
7.8750 0
8.0000 0
8.1250 0
8.2500 0
8.3750 0
8.5000 0
8.6250 0
8.7500 0
8.8750 0
9.0000 2
9.1250 2
9.2500 0
9.3750 0
9.5000 0
9.6250 0
9.7500 0
9.8750 0
10.0000 4
10.1250 0
10.2500 0
10.3750 0
10.5000 2
10.6250 0
10.7500 2
10.8750 4
11.0000 2
11.1250 0
11.2500 0
11.3750 2
11.5000 0
11.6250 0
11.7500 2
11.8750 0
12.0000 2
12.1250 0
12.2500 0
12.3750 0
