0.0000 604
0.1250 594
0.2500 559
0.3750 621
0.5000 580
0.6250 578
0.7500 596
0.8750 572
1.0000 587
1.1250 548
1.2500 556
1.3750 536
1.5000 555
1.6250 640
1.7500 562
1.8750 521
2.0000 586
2.1250 568
2.2500 534
2.3750 522
2.5000 523
2.6250 541
2.7500 454
2.8750 512
3.0000 568
3.1250 505
3.2500 514
3.3750 492
3.5000 491
3.6250 486
3.7500 467
3.8750 489
4.0000 492
4.1250 443
4.2500 473
4.3750 462
4.5000 419
4.6250 526
4.7500 465
4.8750 463
5.0000 454
5.1250 421
5.2500 439
5.3750 422
5.5000 377
5.6250 360
5.7500 372
5.8750 403
6.0000 361
6.1250 374
6.2500 345
6.3750 370
6.5000 276
6.6250 312
6.7500 263
6.8750 271
7.0000 216
7.1250 163
7.2500 175
7.3750 88
7.5000 79
7.6250 44
7.7500 19
7.8750 4
8.0000 0
8.1250 0
8.2500 2
8.3750 4
8.5000 0
8.6250 0
8.7500 0
8.8750 4
9.0000 0
9.1250 2
9.2500 2
9.3750 2
9.5000 0
9.6250 0
9.7500 2
9.8750 0
10.0000 2
10.1250 0
10.2500 4
10.3750 4
10.5000 0
10.6250 6
10.7500 0
10.8750 2
11.0000 2
11.1250 0
11.2500 0
11.3750 2
11.5000 0
11.6250 2
11.7500 4
11.8750 4
12.0000 0
12.1250 2
12.2500 0
12.3750 2
