0.0000 6812
0.2500 6573
0.5000 6754
0.7500 6744
1.0000 6586
1.2500 6612
1.5000 6738
1.7500 6730
2.0000 6461
2.2500 6441
2.5000 6368
2.7500 6512
3.0000 6348
3.2500 6620
3.5000 6554
3.7500 6295
4.0000 6671
4.2500 6392
4.5000 6389
4.7500 6435
5.0000 6604
5.2500 6507
5.5000 6371
5.7500 6485
6.0000 6447
6.2500 6294
6.5000 6170
6.7500 6379
7.0000 6139
7.2500 5905
7.5000 6406
7.7500 6194
8.0000 6109
8.2500 5959
8.5000 5806
8.7500 6022
9.0000 5823
9.2500 5670
9.5000 5624
9.7500 5799
10.0000 5558
10.2500 5351
10.5000 5356
10.7500 5263
11.0000 5009
11.2500 5111
11.5000 4842
11.7500 4970
12.0000 4869
12.2500 4911
12.5000 4848
12.7500 4791
13.0000 4224
13.2500 3658
13.5000 2276
13.7500 851
14.0000 146
14.2500 14
14.5000 6
14.7500 2
15.0000 0
15.2500 4
15.5000 0
15.7500 2
16.0000 4
16.2500 4
16.5000 0
16.7500 2
17.0000 4
17.2500 2
17.5000 0
17.7500 0
18.0000 4
18.2500 2
18.5000 0
18.7500 0
19.0000 2
19.2500 0
19.5000 0
19.7500 2
20.0000 2
20.2500 4
20.5000 0
20.7500 2
21.0000 2
21.2500 0
21.5000 0
21.7500 4
22.0000 0
22.2500 4
22.5000 4
22.7500 2
23.0000 2
23.2500 0
23.5000 2
23.7500 4
24.0000 0
24.2500 4
24.5000 4
24.7500 0
