0.0000 159
0.1250 98
0.2500 127
0.3750 141
0.5000 143
0.6250 117
0.7500 121
0.8750 112
1.0000 128
1.1250 112
1.2500 139
1.3750 156
1.5000 147
1.6250 120
1.7500 150
1.8750 162
2.0000 119
2.1250 128
2.2500 121
2.3750 128
2.5000 111
2.6250 147
2.7500 148
2.8750 126
3.0000 114
3.1250 119
3.2500 125
3.3750 120
3.5000 119
3.6250 88
3.7500 117
3.8750 111
4.0000 102
4.1250 119
4.2500 104
4.3750 96
4.5000 118
4.6250 104
4.7500 98
4.8750 97
5.0000 94
5.1250 110
5.2500 98
5.3750 114
5.5000 113
5.6250 100
5.7500 128
5.8750 74
6.0000 74
6.1250 63
6.2500 78
6.3750 89
6.5000 76
6.6250 62
6.7500 53
6.8750 47
7.0000 46
7.1250 20
7.2500 16
7.3750 16
7.5000 2
7.6250 2
7.7500 2
7.8750 0
8.0000 4
8.1250 2
8.2500 2
8.3750 0
8.5000 2
8.6250 2
8.7500 2
8.8750 2
9.0000 4
9.1250 0
9.2500 0
9.3750 0
9.5000 0
9.6250 4
9.7500 2
9.8750 2
10.0000 6
10.1250 2
10.2500 0
10.3750 0
10.5000 2
10.6250 0
10.7500 2
10.8750 2
11.0000 0
11.1250 2
11.2500 6
11.3750 2
11.5000 0
11.6250 2
11.7500 0
11.8750 4
12.0000 0
12.1250 2
12.2500 6
12.3750 2
