0.0000 1282
0.1250 1349
0.2500 1473
0.3750 1478
0.5000 1441
0.6250 1396
0.7500 1422
0.8750 1394
1.0000 1543
1.1250 1457
1.2500 1439
1.3750 1322
1.5000 1363
1.6250 1437
1.7500 1388
1.8750 1401
2.0000 1384
2.1250 1350
2.2500 1356
2.3750 1316
2.5000 1370
2.6250 1330
2.7500 1387
2.8750 1419
3.0000 1295
3.1250 1231
3.2500 1197
3.3750 1193
3.5000 1172
3.6250 1154
3.7500 1086
3.8750 1295
4.0000 1222
4.1250 1158
4.2500 1182
4.3750 1143
4.5000 1241
4.6250 1191
4.7500 1196
4.8750 1144
5.0000 1071
5.1250 1006
5.2500 1027
5.3750 1018
5.5000 998
5.6250 923
5.7500 989
5.8750 932
6.0000 866
6.1250 906
6.2500 828
6.3750 652
6.5000 582
6.6250 456
6.7500 399
6.8750 424
7.0000 300
7.1250 210
7.2500 153
7.3750 67
7.5000 58
7.6250 28
7.7500 8
7.8750 8
8.0000 4
8.1250 0
8.2500 4
8.3750 8
8.5000 2
8.6250 2
8.7500 0
8.8750 8
9.0000 4
9.1250 0
9.2500 0
9.3750 0
9.5000 6
9.6250 0
9.7500 8
9.8750 4
10.0000 6
10.1250 2
10.2500 2
10.3750 0
10.5000 2
10.6250 3
10.7500 0
10.8750 2
11.0000 2
11.1250 2
11.2500 0
11.3750 6
11.5000 2
11.6250 2
11.7500 0
11.8750 2
12.0000 2
12.1250 0
12.2500 2
12.3750 4
