0.0000 6797
0.1250 6813
0.2500 6866
0.3750 6860
0.5000 6779
0.6250 6737
0.7500 6684
0.8750 6711
1.0000 6692
1.1250 6866
1.2500 6825
1.3750 6695
1.5000 6475
1.6250 6554
1.7500 6748
1.8750 6747
2.0000 6577
2.1250 6666
2.2500 6557
2.3750 6275
2.5000 6489
2.6250 6500
2.7500 6234
2.8750 6424
3.0000 6408
3.1250 6149
3.2500 6047
3.3750 6008
3.5000 6227
3.6250 6141
3.7500 5912
3.8750 5861
4.0000 5830
4.1250 5843
4.2500 5832
4.3750 5530
4.5000 5673
4.6250 5809
4.7500 5567
4.8750 5342
5.0000 5202
5.1250 5137
5.2500 4918
5.3750 5013
5.5000 4970
5.6250 4760
5.7500 5029
5.8750 5113
6.0000 4933
6.1250 5006
6.2500 5003
6.3750 4923
6.5000 5087
6.6250 4661
6.7500 4879
6.8750 4295
7.0000 2886
7.1250 2259
7.2500 1653
7.3750 536
7.5000 301
7.6250 159
7.7500 100
7.8750 2
8.0000 12
8.1250 2
8.2500 2
8.3750 6
8.5000 2
8.6250 10
8.7500 12
8.8750 2
9.0000 6
9.1250 4
9.2500 4
9.3750 4
9.5000 0
9.6250 0
9.7500 0
9.8750 0
10.0000 4
10.1250 2
10.2500 2
10.3750 4
10.5000 4
10.6250 2
10.7500 6
10.8750 8
11.0000 2
11.1250 6
11.2500 6
11.3750 15
11.5000 4
11.6250 2
11.7500 2
11.8750 0
12.0000 4
12.1250 2
12.2500 0
12.3750 0
