0.0000 708
0.1250 644
0.2500 607
0.3750 622
0.5000 615
0.6250 592
0.7500 578
0.8750 631
1.0000 604
1.1250 595
1.2500 609
1.3750 682
1.5000 554
1.6250 610
1.7500 659
1.8750 591
2.0000 611
2.1250 562
2.2500 661
2.3750 630
2.5000 592
2.6250 643
2.7500 621
2.8750 585
3.0000 613
3.1250 679
3.2500 580
3.3750 585
3.5000 589
3.6250 614
3.7500 612
3.8750 606
4.0000 646
4.1250 607
4.2500 613
4.3750 668
4.5000 591
4.6250 646
4.7500 628
4.8750 633
5.0000 659
5.1250 629
5.2500 592
5.3750 538
5.5000 595
5.6250 559
5.7500 648
5.8750 572
6.0000 578
6.1250 560
6.2500 535
6.3750 533
6.5000 453
6.6250 434
6.7500 438
6.8750 450
7.0000 365
7.1250 268
7.2500 184
7.3750 117
7.5000 44
7.6250 34
7.7500 6
7.8750 2
8.0000 8
8.1250 0
8.2500 2
8.3750 4
8.5000 4
8.6250 4
8.7500 2
8.8750 6
9.0000 2
9.1250 6
9.2500 2
9.3750 0
9.5000 2
9.6250 4
9.7500 9
9.8750 4
10.0000 2
10.1250 2
10.2500 2
10.3750 4
10.5000 4
10.6250 2
10.7500 4
10.8750 4
11.0000 10
11.1250 2
11.2500 2
11.3750 6
11.5000 6
11.6250 0
11.7500 4
11.8750 2
12.0000 0
12.1250 0
12.2500 0
12.3750 0
