0.0000 0
2.0000 0
4.0000 2
6.0000 0
8.0000 0
10.0000 0
12.0000 0
14.0000 4
16.0000 0
18.0000 4
20.0000 0
22.0000 0
24.0000 0
26.0000 0
28.0000 2
30.0000 2
32.0000 4
34.0000 0
36.0000 2
38.0000 0
40.0000 0
42.0000 0
44.0000 0
46.0000 0
48.0000 0
50.0000 0
52.0000 0
54.0000 0
56.0000 0
58.0000 0
60.0000 0
62.0000 0
64.0000 0
66.0000 0
68.0000 0
70.0000 0
72.0000 2
74.0000 0
76.0000 0
78.0000 0
80.0000 0
82.0000 0
84.0000 0
86.0000 2
88.0000 0
90.0000 0
92.0000 0
94.0000 0
96.0000 0
98.0000 0
100.0000 0
102.0000 0
104.0000 2
106.0000 0
108.0000 6
110.0000 0
112.0000 0
114.0000 0
116.0000 2
118.0000 0
120.0000 2
122.0000 0
124.0000 0
126.0000 0
128.0000 0
130.0000 2
132.0000 2
134.0000 0
136.0000 3
138.0000 0
140.0000 2
142.0000 0
144.0000 2
146.0000 2
148.0000 0
150.0000 0
152.0000 0
154.0000 0
156.0000 0
158.0000 0
160.0000 0
162.0000 0
164.0000 0
166.0000 0
168.0000 0
170.0000 4
172.0000 0
174.0000 4
176.0000 0
178.0000 0
180.0000 2
182.0000 0
184.0000 2
186.0000 0
188.0000 0
190.0000 0
192.0000 2
194.0000 0
196.0000 0
198.0000 0
200.0000 0
202.0000 0
204.0000 0
206.0000 0
208.0000 0
210.0000 0
212.0000 0
214.0000 0
216.0000 0
218.0000 0
220.0000 0
222.0000 0
224.0000 0
226.0000 0
228.0000 2
230.0000 0
232.0000 0
234.0000 0
236.0000 0
238.0000 0
240.0000 0
242.0000 2
244.0000 0
246.0000 0
248.0000 2
250.0000 0
252.0000 0
254.0000 0
256.0000 0
258.0000 2
260.0000 0
262.0000 0
264.0000 0
266.0000 0
268.0000 0
270.0000 4
272.0000 2
274.0000 0
276.0000 0
278.0000 2
280.0000 0
282.0000 0
284.0000 0
286.0000 0
288.0000 0
290.0000 0
292.0000 0
294.0000 0
296.0000 0
298.0000 2
300.0000 0
302.0000 0
304.0000 0
306.0000 0
308.0000 2
310.0000 0
312.0000 0
314.0000 0
316.0000 0
318.0000 0
320.0000 0
322.0000 4
324.0000 0
326.0000 0
328.0000 0
330.0000 0
332.0000 0
334.0000 0
336.0000 2
338.0000 0
340.0000 0
342.0000 2
344.0000 0
346.0000 0
348.0000 0
350.0000 2
352.0000 0
354.0000 0
356.0000 0
358.0000 2
360.0000 0
362.0000 0
364.0000 2
366.0000 0
368.0000 0
370.0000 0
372.0000 0
374.0000 0
376.0000 0
378.0000 0
380.0000 0
382.0000 6
384.0000 2
386.0000 0
388.0000 2
390.0000 4
392.0000 2
394.0000 0
396.0000 4
398.0000 4
400.0000 2
402.0000 6
404.0000 0
406.0000 0
408.0000 4
410.0000 2
412.0000 3
414.0000 2
416.0000 2
418.0000 2
420.0000 4
422.0000 2
424.0000 4
426.0000 2
428.0000 4
430.0000 6
432.0000 6
434.0000 6
436.0000 6
438.0000 2
440.0000 6
442.0000 4
444.0000 12
446.0000 12
448.0000 6
450.0000 6
452.0000 14
454.0000 14
456.0000 4
458.0000 2
460.0000 18
462.0000 16
464.0000 23
466.0000 18
468.0000 14
470.0000 6
472.0000 20
474.0000 18
476.0000 14
478.0000 30
480.0000 42
482.0000 42
484.0000 36
486.0000 41
488.0000 50
490.0000 54
492.0000 54
494.0000 64
496.0000 58
498.0000 64
500.0000 88
502.0000 72
504.0000 102
506.0000 90
508.0000 132
510.0000 112
512.0000 167
514.0000 114
516.0000 174
518.0000 164
520.0000 206
522.0000 217
524.0000 275
526.0000 225
528.0000 291
530.0000 292
532.0000 245
534.0000 335
536.0000 416
538.0000 356
540.0000 430
542.0000 435
544.0000 437
546.0000 427
548.0000 471
550.0000 459
552.0000 547
554.0000 516
556.0000 577
558.0000 551
560.0000 581
562.0000 598
564.0000 593
566.0000 664
568.0000 687
570.0000 602
572.0000 741
574.0000 672
576.0000 765
578.0000 782
580.0000 675
582.0000 785
584.0000 808
586.0000 828
588.0000 801
590.0000 885
592.0000 823
594.0000 877
596.0000 832
598.0000 949
600.0000 900
602.0000 1022
604.0000 932
606.0000 968
608.0000 910
610.0000 986
612.0000 1088
614.0000 1049
616.0000 992
618.0000 929
620.0000 1063
622.0000 1113
624.0000 1070
626.0000 1012
628.0000 1122
630.0000 1030
632.0000 1106
634.0000 1123
636.0000 1083
638.0000 1118
640.0000 1182
642.0000 1187
644.0000 1248
646.0000 1180
648.0000 1156
650.0000 1305
652.0000 1267
654.0000 1286
656.0000 1174
658.0000 1295
660.0000 1232
662.0000 1390
664.0000 1257
666.0000 1323
668.0000 1370
670.0000 1312
672.0000 1324
674.0000 1454
676.0000 1396
678.0000 1331
680.0000 1348
682.0000 1334
684.0000 1546
686.0000 1499
688.0000 1517
690.0000 1421
692.0000 1427
694.0000 1377
696.0000 1416
698.0000 1481
700.0000 1509
702.0000 1546
704.0000 1553
706.0000 1506
708.0000 1523
710.0000 1576
712.0000 1443
714.0000 1506
716.0000 1611
718.0000 1559
720.0000 1650
722.0000 1541
724.0000 1619
726.0000 1606
728.0000 1628
730.0000 1673
732.0000 1734
734.0000 1609
736.0000 1771
738.0000 1784
740.0000 1652
742.0000 1672
744.0000 1730
746.0000 1664
748.0000 1635
750.0000 1759
752.0000 1664
754.0000 1737
756.0000 1779
758.0000 1679
760.0000 1617
762.0000 1761
764.0000 1755
766.0000 1763
768.0000 1912
770.0000 1716
772.0000 1826
774.0000 1688
776.0000 1780
778.0000 1701
780.0000 1802
782.0000 1818
784.0000 1751
786.0000 1758
788.0000 1842
790.0000 1773
792.0000 1793
794.0000 1860
796.0000 1775
798.0000 1901
800.0000 1932
802.0000 589
804.0000 2
806.0000 0
808.0000 0
810.0000 0
812.0000 0
814.0000 2
816.0000 0
818.0000 0
820.0000 0
822.0000 2
824.0000 0
826.0000 0
828.0000 0
830.0000 0
832.0000 0
834.0000 0
836.0000 0
838.0000 0
840.0000 2
842.0000 0
844.0000 0
846.0000 0
848.0000 2
850.0000 0
852.0000 0
854.0000 2
856.0000 2
858.0000 6
860.0000 0
862.0000 0
864.0000 0
866.0000 0
868.0000 0
870.0000 0
872.0000 0
874.0000 0
876.0000 0
878.0000 2
880.0000 0
882.0000 0
884.0000 0
886.0000 0
888.0000 2
890.0000 0
892.0000 0
894.0000 2
896.0000 0
898.0000 2
900.0000 0
902.0000 2
904.0000 2
906.0000 0
908.0000 0
910.0000 0
912.0000 0
914.0000 0
916.0000 0
918.0000 0
920.0000 0
922.0000 0
924.0000 0
926.0000 0
928.0000 0
930.0000 0
932.0000 2
934.0000 2
936.0000 0
938.0000 0
940.0000 2
942.0000 0
944.0000 0
946.0000 0
948.0000 0
950.0000 0
952.0000 0
954.0000 0
956.0000 0
958.0000 0
960.0000 4
962.0000 0
964.0000 2
966.0000 2
968.0000 0
970.0000 0
972.0000 2
974.0000 0
976.0000 0
978.0000 0
980.0000 2
982.0000 0
984.0000 2
986.0000 0
988.0000 0
990.0000 2
992.0000 0
994.0000 0
996.0000 0
998.0000 0
1000.0000 0
1002.0000 0
1004.0000 0
1006.0000 2
1008.0000 0
1010.0000 0
1012.0000 0
1014.0000 0
1016.0000 0
1018.0000 0
1020.0000 2
1022.0000 2
1024.0000 0
1026.0000 2
1028.0000 0
1030.0000 0
1032.0000 0
1034.0000 4
1036.0000 2
1038.0000 0
1040.0000 0
1042.0000 0
1044.0000 0
1046.0000 2
1048.0000 0
1050.0000 0
1052.0000 0
1054.0000 0
1056.0000 0
1058.0000 0
1060.0000 0
1062.0000 0
1064.0000 0
1066.0000 2
1068.0000 0
1070.0000 0
1072.0000 0
1074.0000 0
1076.0000 0
1078.0000 4
1080.0000 0
1082.0000 2
1084.0000 0
1086.0000 0
1088.0000 0
1090.0000 0
1092.0000 0
1094.0000 0
1096.0000 0
1098.0000 4
1100.0000 0
1102.0000 0
1104.0000 0
1106.0000 0
1108.0000 0
1110.0000 0
1112.0000 0
1114.0000 2
1116.0000 0
1118.0000 0
1120.0000 0
1122.0000 0
1124.0000 2
1126.0000 2
1128.0000 0
1130.0000 0
1132.0000 0
1134.0000 2
1136.0000 0
1138.0000 0
1140.0000 0
1142.0000 0
1144.0000 2
1146.0000 0
1148.0000 0
1150.0000 0
1152.0000 0
1154.0000 0
1156.0000 0
1158.0000 0
1160.0000 2
1162.0000 0
1164.0000 0
1166.0000 0
1168.0000 0
1170.0000 2
1172.0000 0
1174.0000 0
1176.0000 2
1178.0000 0
1180.0000 0
1182.0000 4
1184.0000 0
1186.0000 0
1188.0000 0
1190.0000 0
1192.0000 0
1194.0000 0
1196.0000 0
1198.0000 2
1200.0000 0
1202.0000 0
1204.0000 2
1206.0000 2
1208.0000 2
1210.0000 2
1212.0000 4
1214.0000 0
1216.0000 2
1218.0000 0
1220.0000 0
1222.0000 0
1224.0000 0
1226.0000 0
1228.0000 2
1230.0000 0
1232.0000 2
1234.0000 4
1236.0000 2
1238.0000 0
1240.0000 0
1242.0000 2
1244.0000 0
1246.0000 4
1248.0000 2
1250.0000 2
1252.0000 0
1254.0000 0
1256.0000 2
1258.0000 2
1260.0000 2
1262.0000 2
1264.0000 4
1266.0000 4
1268.0000 0
1270.0000 0
1272.0000 4
1274.0000 2
1276.0000 4
1278.0000 4
1280.0000 4
1282.0000 10
1284.0000 2
1286.0000 2
1288.0000 2
1290.0000 2
1292.0000 4
1294.0000 6
1296.0000 6
1298.0000 6
1300.0000 4
1302.0000 10
1304.0000 14
1306.0000 12
1308.0000 8
1310.0000 18
1312.0000 16
1314.0000 8
1316.0000 16
1318.0000 26
1320.0000 20
1322.0000 12
1324.0000 18
1326.0000 16
1328.0000 20
1330.0000 31
1332.0000 28
1334.0000 46
1336.0000 34
1338.0000 46
1340.0000 58
1342.0000 57
1344.0000 60
1346.0000 67
1348.0000 54
1350.0000 90
1352.0000 76
1354.0000 72
1356.0000 86
1358.0000 111
1360.0000 94
1362.0000 137
1364.0000 109
1366.0000 150
1368.0000 186
1370.0000 191
1372.0000 211
1374.0000 212
1376.0000 230
1378.0000 231
1380.0000 224
1382.0000 296
1384.0000 281
1386.0000 362
1388.0000 370
1390.0000 410
1392.0000 381
1394.0000 418
1396.0000 452
1398.0000 461
1400.0000 430
1402.0000 481
1404.0000 458
1406.0000 533
1408.0000 495
1410.0000 553
1412.0000 520
1414.0000 576
1416.0000 609
1418.0000 661
1420.0000 614
1422.0000 661
1424.0000 735
1426.0000 733
1428.0000 732
1430.0000 756
1432.0000 756
1434.0000 773
1436.0000 824
1438.0000 776
1440.0000 902
1442.0000 765
1444.0000 784
1446.0000 811
1448.0000 964
1450.0000 894
1452.0000 954
1454.0000 930
1456.0000 1011
1458.0000 970
1460.0000 988
1462.0000 998
1464.0000 1054
1466.0000 1030
1468.0000 1007
1470.0000 1132
1472.0000 1022
1474.0000 1089
1476.0000 1082
1478.0000 1123
1480.0000 1101
1482.0000 1218
1484.0000 1136
1486.0000 1270
1488.0000 1108
1490.0000 1162
1492.0000 1182
1494.0000 1146
1496.0000 1207
1498.0000 1215
1500.0000 1291
1502.0000 1297
1504.0000 1295
1506.0000 1285
1508.0000 1280
1510.0000 1276
1512.0000 1337
1514.0000 1327
1516.0000 1309
1518.0000 1348
1520.0000 1474
1522.0000 1372
1524.0000 1419
1526.0000 1305
1528.0000 1393
1530.0000 1426
1532.0000 1586
1534.0000 1372
1536.0000 1498
1538.0000 1532
1540.0000 1510
1542.0000 1506
1544.0000 1472
1546.0000 1447
1548.0000 1480
1550.0000 1538
1552.0000 1640
1554.0000 1604
1556.0000 1609
1558.0000 1629
1560.0000 1521
1562.0000 1583
1564.0000 1574
1566.0000 1666
1568.0000 1612
1570.0000 1655
1572.0000 1626
1574.0000 1646
1576.0000 1697
1578.0000 1623
1580.0000 1652
1582.0000 1623
1584.0000 1722
1586.0000 1590
1588.0000 1647
1590.0000 1635
1592.0000 1681
1594.0000 1672
1596.0000 1668
1598.0000 1658
1600.0000 1708
1602.0000 1792
1604.0000 1878
1606.0000 1744
1608.0000 1732
1610.0000 1724
1612.0000 1724
1614.0000 1760
1616.0000 1776
1618.0000 1892
1620.0000 1881
1622.0000 1779
1624.0000 1799
1626.0000 1875
1628.0000 1705
1630.0000 1855
1632.0000 1763
1634.0000 1852
1636.0000 1857
1638.0000 1974
1640.0000 1863
1642.0000 2004
1644.0000 1825
1646.0000 1957
1648.0000 1874
1650.0000 1807
1652.0000 960
1654.0000 0
1656.0000 0
1658.0000 0
1660.0000 0
1662.0000 0
1664.0000 2
1666.0000 0
1668.0000 0
1670.0000 0
1672.0000 0
1674.0000 0
1676.0000 0
1678.0000 0
1680.0000 0
1682.0000 2
1684.0000 0
1686.0000 0
1688.0000 0
1690.0000 0
1692.0000 0
1694.0000 0
1696.0000 0
1698.0000 0
