0.0000 4
2.0000 2
4.0000 3
6.0000 2
8.0000 1
10.0000 1
12.0000 0
14.0000 1
16.0000 1
18.0000 2
20.0000 1
22.0000 0
24.0000 1
26.0000 2
28.0000 1
30.0000 0
32.0000 1
34.0000 1
36.0000 1
38.0000 2
40.0000 2
42.0000 0
44.0000 2
46.0000 1
48.0000 1
50.0000 0
52.0000 4
54.0000 0
56.0000 0
58.0000 0
60.0000 2
62.0000 0
64.0000 2
66.0000 0
68.0000 0
70.0000 1
72.0000 5
74.0000 5
76.0000 1
78.0000 0
80.0000 4
82.0000 1
84.0000 1
86.0000 1
88.0000 1
90.0000 1
92.0000 1
94.0000 2
96.0000 2
98.0000 2
100.0000 5
102.0000 1
104.0000 7
106.0000 7
108.0000 4
110.0000 7
112.0000 5
114.0000 4
116.0000 3
118.0000 4
120.0000 11
122.0000 7
124.0000 9
126.0000 5
128.0000 9
130.0000 4
132.0000 3
134.0000 8
136.0000 4
138.0000 4
140.0000 4
142.0000 3
144.0000 1
146.0000 10
148.0000 11
150.0000 9
152.0000 6
154.0000 6
156.0000 7
158.0000 7
160.0000 10
162.0000 10
164.0000 11
166.0000 8
168.0000 9
170.0000 7
172.0000 6
174.0000 5
176.0000 14
178.0000 7
180.0000 4
182.0000 10
184.0000 7
186.0000 7
188.0000 7
190.0000 5
192.0000 2
194.0000 2
196.0000 0
198.0000 2
200.0000 5
202.0000 6
204.0000 5
206.0000 8
208.0000 7
210.0000 11
212.0000 6
214.0000 9
216.0000 13
218.0000 9
220.0000 6
222.0000 9
224.0000 8
226.0000 9
228.0000 8
230.0000 9
232.0000 3
234.0000 5
236.0000 5
238.0000 8
240.0000 8
242.0000 6
244.0000 4
246.0000 20
248.0000 12
250.0000 11
252.0000 11
254.0000 11
256.0000 8
258.0000 17
260.0000 14
262.0000 12
264.0000 6
266.0000 9
268.0000 9
270.0000 14
272.0000 12
274.0000 11
276.0000 19
278.0000 19
280.0000 21
282.0000 16
284.0000 23
286.0000 24
288.0000 27
290.0000 24
292.0000 33
294.0000 21
296.0000 30
298.0000 24
300.0000 42
302.0000 33
304.0000 38
306.0000 44
308.0000 45
310.0000 49
312.0000 58
314.0000 46
316.0000 57
318.0000 57
320.0000 74
322.0000 93
324.0000 84
326.0000 108
328.0000 101
330.0000 105
332.0000 121
334.0000 128
336.0000 143
338.0000 160
340.0000 166
342.0000 182
344.0000 202
346.0000 205
348.0000 241
350.0000 257
352.0000 295
354.0000 298
356.0000 320
358.0000 352
360.0000 372
362.0000 383
364.0000 402
366.0000 412
368.0000 439
370.0000 452
372.0000 500
374.0000 439
376.0000 484
378.0000 532
380.0000 531
382.0000 535
384.0000 546
386.0000 550
388.0000 575
390.0000 624
392.0000 618
394.0000 639
396.0000 661
398.0000 654
400.0000 670
402.0000 670
404.0000 673
406.0000 754
408.0000 738
410.0000 769
412.0000 796
414.0000 748
416.0000 801
418.0000 763
420.0000 807
422.0000 778
424.0000 802
426.0000 843
428.0000 879
430.0000 883
432.0000 884
434.0000 918
436.0000 874
438.0000 940
440.0000 930
442.0000 962
444.0000 941
446.0000 951
448.0000 972
450.0000 997
452.0000 1003
454.0000 943
456.0000 1088
458.0000 986
460.0000 1010
462.0000 1024
464.0000 1068
466.0000 1045
468.0000 1119
470.0000 1134
472.0000 1093
474.0000 1105
476.0000 1110
478.0000 1128
480.0000 1131
482.0000 1139
484.0000 1137
486.0000 1183
488.0000 1145
490.0000 1241
492.0000 1175
494.0000 1211
496.0000 1212
498.0000 1139
500.0000 1247
502.0000 1225
504.0000 1249
506.0000 1282
508.0000 1269
510.0000 1229
512.0000 1249
514.0000 1211
516.0000 1291
518.0000 1289
520.0000 1238
522.0000 1304
524.0000 1307
526.0000 1287
528.0000 1288
530.0000 1319
532.0000 1335
534.0000 1339
536.0000 1385
538.0000 1400
540.0000 1401
542.0000 1338
544.0000 1381
546.0000 1372
548.0000 1386
550.0000 1399
552.0000 1389
554.0000 1364
556.0000 1429
558.0000 1382
560.0000 1410
562.0000 1360
564.0000 1346
566.0000 1378
568.0000 1431
570.0000 1439
572.0000 1414
574.0000 1392
576.0000 1370
578.0000 1434
580.0000 1444
582.0000 1409
584.0000 1374
586.0000 1408
588.0000 1496
590.0000 1482
592.0000 1507
594.0000 1499
596.0000 1470
598.0000 1506
600.0000 1507
602.0000 1488
604.0000 1514
606.0000 1557
608.0000 1463
610.0000 1611
612.0000 1565
614.0000 1563
616.0000 1486
618.0000 1515
620.0000 1566
622.0000 1547
624.0000 1569
626.0000 1516
628.0000 1566
630.0000 1576
632.0000 1600
634.0000 1557
636.0000 1641
638.0000 1577
640.0000 1611
642.0000 1599
644.0000 1542
646.0000 1624
648.0000 1595
650.0000 1671
652.0000 1698
654.0000 1664
656.0000 1681
658.0000 1646
660.0000 1657
662.0000 1660
664.0000 1653
666.0000 1669
668.0000 1682
670.0000 1696
672.0000 1686
674.0000 1612
676.0000 1726
678.0000 1652
680.0000 1666
682.0000 1703
684.0000 1703
686.0000 1710
688.0000 1730
690.0000 1731
692.0000 1728
694.0000 1798
696.0000 1766
698.0000 1795
700.0000 1715
702.0000 1781
704.0000 1730
706.0000 1750
708.0000 1798
710.0000 1814
712.0000 1819
714.0000 1820
716.0000 1827
718.0000 1760
720.0000 1808
722.0000 1881
724.0000 1777
726.0000 1785
728.0000 1802
730.0000 1788
732.0000 1875
734.0000 1853
736.0000 1909
738.0000 1905
740.0000 1842
742.0000 1913
744.0000 1893
746.0000 1871
748.0000 1882
750.0000 1901
752.0000 1831
754.0000 1894
756.0000 1925
758.0000 1896
760.0000 1890
762.0000 1923
764.0000 1848
766.0000 1936
768.0000 1921
770.0000 1944
772.0000 1922
774.0000 1898
776.0000 1963
778.0000 1887
780.0000 1979
782.0000 2020
784.0000 1948
786.0000 1963
788.0000 1956
790.0000 1986
792.0000 2001
794.0000 1992
796.0000 1986
798.0000 2097
800.0000 1993
802.0000 651
804.0000 1
806.0000 0
808.0000 2
810.0000 0
812.0000 1
814.0000 0
816.0000 0
818.0000 0
820.0000 0
822.0000 0
824.0000 0
826.0000 0
828.0000 0
830.0000 0
832.0000 0
834.0000 0
836.0000 0
838.0000 0
840.0000 0
842.0000 0
844.0000 0
846.0000 0
848.0000 0
850.0000 0
852.0000 1
854.0000 0
856.0000 0
858.0000 2
860.0000 0
862.0000 1
864.0000 0
866.0000 0
868.0000 0
870.0000 0
872.0000 0
874.0000 0
876.0000 1
878.0000 0
880.0000 1
882.0000 0
884.0000 0
886.0000 0
888.0000 1
890.0000 1
892.0000 0
894.0000 1
896.0000 1
898.0000 0
900.0000 0
902.0000 0
904.0000 1
906.0000 0
908.0000 0
910.0000 1
912.0000 0
914.0000 0
916.0000 0
918.0000 2
920.0000 0
922.0000 0
924.0000 1
926.0000 1
928.0000 2
930.0000 0
932.0000 0
934.0000 1
936.0000 0
938.0000 1
940.0000 1
942.0000 0
944.0000 0
946.0000 0
948.0000 1
950.0000 1
952.0000 0
954.0000 0
956.0000 0
958.0000 0
960.0000 0
962.0000 1
964.0000 2
966.0000 0
968.0000 1
970.0000 1
972.0000 0
974.0000 0
976.0000 1
978.0000 1
980.0000 1
982.0000 0
984.0000 0
986.0000 1
988.0000 1
990.0000 0
992.0000 1
994.0000 0
996.0000 0
998.0000 0
1000.0000 0
1002.0000 2
1004.0000 1
1006.0000 0
1008.0000 0
1010.0000 0
1012.0000 0
1014.0000 0
1016.0000 0
1018.0000 0
1020.0000 0
1022.0000 0
1024.0000 0
1026.0000 0
1028.0000 1
1030.0000 0
1032.0000 0
1034.0000 3
1036.0000 1
1038.0000 0
1040.0000 0
1042.0000 2
1044.0000 2
1046.0000 0
1048.0000 0
1050.0000 0
1052.0000 0
1054.0000 0
1056.0000 0
1058.0000 0
1060.0000 1
1062.0000 1
1064.0000 0
1066.0000 0
1068.0000 0
1070.0000 2
1072.0000 0
1074.0000 2
1076.0000 0
1078.0000 0
1080.0000 2
1082.0000 2
1084.0000 1
1086.0000 0
1088.0000 3
1090.0000 1
1092.0000 0
1094.0000 0
1096.0000 2
1098.0000 1
1100.0000 4
1102.0000 1
1104.0000 2
1106.0000 1
1108.0000 4
1110.0000 8
1112.0000 9
1114.0000 1
1116.0000 1
1118.0000 8
1120.0000 3
1122.0000 3
1124.0000 6
1126.0000 6
1128.0000 7
1130.0000 4
1132.0000 9
1134.0000 16
1136.0000 3
1138.0000 7
1140.0000 14
1142.0000 16
1144.0000 14
1146.0000 15
1148.0000 11
1150.0000 23
1152.0000 16
1154.0000 22
1156.0000 28
1158.0000 31
1160.0000 23
1162.0000 30
1164.0000 28
1166.0000 40
1168.0000 41
1170.0000 41
1172.0000 50
1174.0000 51
1176.0000 44
1178.0000 63
1180.0000 82
1182.0000 86
1184.0000 83
1186.0000 80
1188.0000 116
1190.0000 117
1192.0000 115
1194.0000 149
1196.0000 157
1198.0000 185
1200.0000 193
1202.0000 218
1204.0000 241
1206.0000 219
1208.0000 250
1210.0000 310
1212.0000 310
1214.0000 311
1216.0000 353
1218.0000 357
1220.0000 376
1222.0000 385
1224.0000 406
1226.0000 429
1228.0000 420
1230.0000 466
1232.0000 473
1234.0000 462
1236.0000 505
1238.0000 540
1240.0000 572
1242.0000 550
1244.0000 597
1246.0000 596
1248.0000 591
1250.0000 660
1252.0000 576
1254.0000 607
1256.0000 656
1258.0000 694
1260.0000 684
1262.0000 724
1264.0000 731
1266.0000 732
1268.0000 730
1270.0000 750
1272.0000 844
1274.0000 811
1276.0000 782
1278.0000 796
1280.0000 771
1282.0000 863
1284.0000 812
1286.0000 789
1288.0000 876
1290.0000 844
1292.0000 938
1294.0000 880
1296.0000 904
1298.0000 900
1300.0000 923
1302.0000 984
1304.0000 928
1306.0000 964
1308.0000 963
1310.0000 912
1312.0000 1019
1314.0000 1018
1316.0000 949
1318.0000 1014
1320.0000 1064
1322.0000 1011
1324.0000 998
1326.0000 1098
1328.0000 1053
1330.0000 1116
1332.0000 1101
1334.0000 1120
1336.0000 1077
1338.0000 1106
1340.0000 1108
1342.0000 1081
1344.0000 1150
1346.0000 1190
1348.0000 1153
1350.0000 1170
1352.0000 1095
1354.0000 1206
1356.0000 1203
1358.0000 1194
1360.0000 1170
1362.0000 1251
1364.0000 1217
1366.0000 1244
1368.0000 1201
1370.0000 1230
1372.0000 1217
1374.0000 1315
1376.0000 1216
1378.0000 1272
1380.0000 1296
1382.0000 1259
1384.0000 1255
1386.0000 1258
1388.0000 1300
1390.0000 1268
1392.0000 1287
1394.0000 1215
1396.0000 1319
1398.0000 1323
1400.0000 1331
1402.0000 1306
1404.0000 1300
1406.0000 1359
1408.0000 1340
1410.0000 1432
1412.0000 1308
1414.0000 1321
1416.0000 1296
1418.0000 1360
1420.0000 1363
1422.0000 1364
1424.0000 1391
1426.0000 1386
1428.0000 1343
1430.0000 1442
1432.0000 1380
1434.0000 1427
1436.0000 1370
1438.0000 1394
1440.0000 1457
1442.0000 1408
1444.0000 1491
1446.0000 1478
1448.0000 1413
1450.0000 1463
1452.0000 1392
1454.0000 1414
1456.0000 1505
1458.0000 1437
1460.0000 1422
1462.0000 1372
1464.0000 1482
1466.0000 1498
1468.0000 1534
1470.0000 1505
1472.0000 1498
1474.0000 1509
1476.0000 1486
1478.0000 1569
1480.0000 1491
1482.0000 1600
1484.0000 1546
1486.0000 1523
1488.0000 1564
1490.0000 1527
1492.0000 1553
1494.0000 1597
1496.0000 1574
1498.0000 1534
1500.0000 1583
1502.0000 1591
1504.0000 1572
1506.0000 1640
1508.0000 1548
1510.0000 1609
1512.0000 1621
1514.0000 1586
1516.0000 1590
1518.0000 1663
1520.0000 1657
1522.0000 1612
1524.0000 1616
1526.0000 1603
1528.0000 1662
1530.0000 1633
1532.0000 1642
1534.0000 1620
1536.0000 1657
1538.0000 1710
1540.0000 1685
1542.0000 1717
1544.0000 1715
1546.0000 1704
1548.0000 1696
1550.0000 1685
1552.0000 1680
1554.0000 1700
1556.0000 1648
1558.0000 1699
1560.0000 1721
1562.0000 1769
1564.0000 1748
1566.0000 1759
1568.0000 1806
1570.0000 1804
1572.0000 1733
1574.0000 1712
1576.0000 1827
1578.0000 1778
1580.0000 1773
1582.0000 1765
1584.0000 1806
1586.0000 1742
1588.0000 1827
1590.0000 1794
1592.0000 1828
1594.0000 1856
1596.0000 1751
1598.0000 1822
1600.0000 1845
1602.0000 1946
1604.0000 1870
1606.0000 1882
1608.0000 1837
1610.0000 1840
1612.0000 1887
1614.0000 1827
1616.0000 1847
1618.0000 1964
1620.0000 1963
1622.0000 1898
1624.0000 1871
1626.0000 1863
1628.0000 1904
1630.0000 1847
1632.0000 1923
1634.0000 1949
1636.0000 1913
1638.0000 1884
1640.0000 2019
1642.0000 1916
1644.0000 1869
1646.0000 1923
1648.0000 1942
1650.0000 1987
1652.0000 1027
1654.0000 0
1656.0000 0
1658.0000 1
1660.0000 0
1662.0000 0
1664.0000 1
1666.0000 2
1668.0000 0
1670.0000 1
1672.0000 0
1674.0000 0
1676.0000 1
1678.0000 0
1680.0000 0
1682.0000 1
1684.0000 0
1686.0000 0
1688.0000 0
1690.0000 0
1692.0000 0
1694.0000 0
1696.0000 1
1698.0000 0
