0.0000 2
2.0000 0
4.0000 0
6.0000 2
8.0000 0
10.0000 0
12.0000 0
14.0000 1
16.0000 0
18.0000 2
20.0000 0
22.0000 0
24.0000 0
26.0000 0
28.0000 0
30.0000 0
32.0000 0
34.0000 0
36.0000 0
38.0000 0
40.0000 0
42.0000 0
44.0000 1
46.0000 0
48.0000 0
50.0000 0
52.0000 0
54.0000 0
56.0000 0
58.0000 0
60.0000 1
62.0000 0
64.0000 0
66.0000 0
68.0000 1
70.0000 0
72.0000 0
74.0000 0
76.0000 0
78.0000 0
80.0000 0
82.0000 0
84.0000 0
86.0000 0
88.0000 0
90.0000 0
92.0000 1
94.0000 0
96.0000 0
98.0000 0
100.0000 0
102.0000 1
104.0000 0
106.0000 0
108.0000 1
110.0000 1
112.0000 1
114.0000 0
116.0000 0
118.0000 1
120.0000 2
122.0000 0
124.0000 1
126.0000 0
128.0000 0
130.0000 0
132.0000 0
134.0000 1
136.0000 0
138.0000 1
140.0000 1
142.0000 0
144.0000 0
146.0000 0
148.0000 0
150.0000 0
152.0000 1
154.0000 0
156.0000 2
158.0000 0
160.0000 0
162.0000 1
164.0000 0
166.0000 1
168.0000 0
170.0000 0
172.0000 0
174.0000 0
176.0000 0
178.0000 1
180.0000 0
182.0000 0
184.0000 1
186.0000 0
188.0000 0
190.0000 0
192.0000 0
194.0000 2
196.0000 1
198.0000 0
200.0000 0
202.0000 1
204.0000 0
206.0000 1
208.0000 1
210.0000 0
212.0000 0
214.0000 1
216.0000 0
218.0000 0
220.0000 1
222.0000 0
224.0000 1
226.0000 0
228.0000 0
230.0000 0
232.0000 0
234.0000 0
236.0000 0
238.0000 0
240.0000 0
242.0000 0
244.0000 1
246.0000 1
248.0000 0
250.0000 0
252.0000 1
254.0000 0
256.0000 1
258.0000 0
260.0000 2
262.0000 1
264.0000 0
266.0000 0
268.0000 0
270.0000 2
272.0000 1
274.0000 0
276.0000 1
278.0000 0
280.0000 1
282.0000 1
284.0000 0
286.0000 0
288.0000 0
290.0000 0
292.0000 1
294.0000 2
296.0000 0
298.0000 1
300.0000 0
302.0000 0
304.0000 2
306.0000 1
308.0000 0
310.0000 2
312.0000 0
314.0000 3
316.0000 1
318.0000 5
320.0000 1
322.0000 1
324.0000 3
326.0000 3
328.0000 3
330.0000 1
332.0000 1
334.0000 1
336.0000 2
338.0000 3
340.0000 3
342.0000 1
344.0000 2
346.0000 1
348.0000 4
350.0000 3
352.0000 3
354.0000 5
356.0000 5
358.0000 4
360.0000 4
362.0000 9
364.0000 7
366.0000 10
368.0000 10
370.0000 11
372.0000 18
374.0000 20
376.0000 12
378.0000 10
380.0000 24
382.0000 19
384.0000 23
386.0000 19
388.0000 20
390.0000 28
392.0000 37
394.0000 28
396.0000 31
398.0000 40
400.0000 40
402.0000 51
404.0000 66
406.0000 41
408.0000 58
410.0000 63
412.0000 70
414.0000 86
416.0000 87
418.0000 69
420.0000 111
422.0000 116
424.0000 121
426.0000 153
428.0000 144
430.0000 179
432.0000 167
434.0000 200
436.0000 236
438.0000 275
440.0000 275
442.0000 294
444.0000 316
446.0000 374
448.0000 408
450.0000 446
452.0000 460
454.0000 495
456.0000 532
458.0000 625
460.0000 623
462.0000 668
464.0000 703
466.0000 739
468.0000 767
470.0000 823
472.0000 851
474.0000 852
476.0000 880
478.0000 932
480.0000 968
482.0000 1028
484.0000 1006
486.0000 1041
488.0000 1046
490.0000 1113
492.0000 1137
494.0000 1163
496.0000 1202
498.0000 1191
500.0000 1237
502.0000 1280
504.0000 1295
506.0000 1292
508.0000 1404
510.0000 1405
512.0000 1420
514.0000 1446
516.0000 1488
518.0000 1452
520.0000 1460
522.0000 1530
524.0000 1504
526.0000 1604
528.0000 1580
530.0000 1560
532.0000 1668
534.0000 1648
536.0000 1703
538.0000 1665
540.0000 1738
542.0000 1702
544.0000 1807
546.0000 1841
548.0000 1877
550.0000 1752
552.0000 1936
554.0000 1818
556.0000 1888
558.0000 1881
560.0000 1892
562.0000 1936
564.0000 1944
566.0000 1888
568.0000 1999
570.0000 2052
572.0000 1958
574.0000 2026
576.0000 2022
578.0000 2043
580.0000 2041
582.0000 2103
584.0000 2130
586.0000 2076
588.0000 2116
590.0000 2103
592.0000 2212
594.0000 2196
596.0000 2141
598.0000 2157
600.0000 2216
602.0000 2216
604.0000 2106
606.0000 2200
608.0000 2233
610.0000 2253
612.0000 2246
614.0000 2225
616.0000 2274
618.0000 2253
620.0000 2322
622.0000 2273
624.0000 2300
626.0000 2200
628.0000 2287
630.0000 2324
632.0000 2361
634.0000 2359
636.0000 2283
638.0000 2295
640.0000 2340
642.0000 2377
644.0000 2379
646.0000 2328
648.0000 2331
650.0000 2391
652.0000 2361
654.0000 2319
656.0000 2383
658.0000 2413
660.0000 2376
662.0000 2342
664.0000 2429
666.0000 2452
668.0000 2454
670.0000 2322
672.0000 2429
674.0000 2497
676.0000 2471
678.0000 2484
680.0000 2471
682.0000 2392
684.0000 2481
686.0000 2422
688.0000 2449
690.0000 2520
692.0000 2559
694.0000 2495
696.0000 2440
698.0000 2556
700.0000 2469
702.0000 2526
704.0000 2605
706.0000 2581
708.0000 2548
710.0000 2593
712.0000 2674
714.0000 2549
716.0000 2558
718.0000 2504
720.0000 2643
722.0000 2684
724.0000 2623
726.0000 2690
728.0000 2646
730.0000 2619
732.0000 2662
734.0000 2565
736.0000 2721
738.0000 2740
740.0000 2687
742.0000 2774
744.0000 2705
746.0000 2707
748.0000 2768
750.0000 2809
752.0000 2720
754.0000 2774
756.0000 2852
758.0000 2761
760.0000 2938
762.0000 2846
764.0000 2729
766.0000 2873
768.0000 2915
770.0000 2791
772.0000 2894
774.0000 2917
776.0000 2915
778.0000 2971
780.0000 2874
782.0000 2912
784.0000 2903
786.0000 2905
788.0000 2971
790.0000 2952
792.0000 2984
794.0000 2916
796.0000 2921
798.0000 2965
800.0000 3021
802.0000 1016
804.0000 2
806.0000 0
808.0000 2
810.0000 1
812.0000 1
814.0000 1
816.0000 0
818.0000 0
820.0000 0
822.0000 0
824.0000 1
826.0000 1
828.0000 0
830.0000 1
832.0000 0
834.0000 0
836.0000 1
838.0000 0
840.0000 0
842.0000 1
844.0000 1
846.0000 1
848.0000 0
850.0000 1
852.0000 2
854.0000 0
856.0000 0
858.0000 1
860.0000 2
862.0000 1
864.0000 0
866.0000 1
868.0000 2
870.0000 0
872.0000 3
874.0000 1
876.0000 0
878.0000 0
880.0000 1
882.0000 2
884.0000 0
886.0000 1
888.0000 0
890.0000 0
892.0000 0
894.0000 0
896.0000 0
898.0000 0
900.0000 0
902.0000 0
904.0000 0
906.0000 0
908.0000 0
910.0000 0
912.0000 0
914.0000 0
916.0000 0
918.0000 0
920.0000 0
922.0000 0
924.0000 1
926.0000 0
928.0000 1
930.0000 0
932.0000 0
934.0000 0
936.0000 0
938.0000 1
940.0000 0
942.0000 1
944.0000 0
946.0000 0
948.0000 0
950.0000 0
952.0000 0
954.0000 1
956.0000 0
958.0000 1
960.0000 0
962.0000 1
964.0000 0
966.0000 0
968.0000 0
970.0000 0
972.0000 0
974.0000 1
976.0000 0
978.0000 1
980.0000 0
982.0000 0
984.0000 0
986.0000 1
988.0000 0
990.0000 0
992.0000 1
994.0000 0
996.0000 0
998.0000 0
1000.0000 0
1002.0000 0
1004.0000 0
1006.0000 0
1008.0000 0
1010.0000 1
1012.0000 0
1014.0000 0
1016.0000 0
1018.0000 1
1020.0000 1
1022.0000 1
1024.0000 1
1026.0000 1
1028.0000 0
1030.0000 1
1032.0000 0
1034.0000 0
1036.0000 0
1038.0000 0
1040.0000 0
1042.0000 0
1044.0000 0
1046.0000 0
1048.0000 0
1050.0000 0
1052.0000 0
1054.0000 0
1056.0000 0
1058.0000 0
1060.0000 0
1062.0000 0
1064.0000 0
1066.0000 0
1068.0000 0
1070.0000 0
1072.0000 0
1074.0000 0
1076.0000 0
1078.0000 0
1080.0000 0
1082.0000 2
1084.0000 0
1086.0000 0
1088.0000 1
1090.0000 1
1092.0000 0
1094.0000 0
1096.0000 0
1098.0000 2
1100.0000 0
1102.0000 1
1104.0000 1
1106.0000 0
1108.0000 0
1110.0000 1
1112.0000 1
1114.0000 0
1116.0000 1
1118.0000 1
1120.0000 0
1122.0000 0
1124.0000 1
1126.0000 0
1128.0000 1
1130.0000 2
1132.0000 0
1134.0000 0
1136.0000 1
1138.0000 1
1140.0000 0
1142.0000 0
1144.0000 1
1146.0000 0
1148.0000 1
1150.0000 1
1152.0000 0
1154.0000 1
1156.0000 0
1158.0000 0
1160.0000 1
1162.0000 1
1164.0000 1
1166.0000 0
1168.0000 0
1170.0000 0
1172.0000 2
1174.0000 0
1176.0000 2
1178.0000 1
1180.0000 4
1182.0000 2
1184.0000 4
1186.0000 0
1188.0000 0
1190.0000 1
1192.0000 3
1194.0000 5
1196.0000 6
1198.0000 2
1200.0000 2
1202.0000 4
1204.0000 5
1206.0000 6
1208.0000 7
1210.0000 4
1212.0000 5
1214.0000 8
1216.0000 6
1218.0000 5
1220.0000 8
1222.0000 11
1224.0000 14
1226.0000 7
1228.0000 10
1230.0000 11
1232.0000 11
1234.0000 19
1236.0000 21
1238.0000 20
1240.0000 14
1242.0000 21
1244.0000 35
1246.0000 23
1248.0000 35
1250.0000 41
1252.0000 38
1254.0000 50
1256.0000 51
1258.0000 59
1260.0000 70
1262.0000 63
1264.0000 65
1266.0000 76
1268.0000 93
1270.0000 97
1272.0000 113
1274.0000 116
1276.0000 147
1278.0000 124
1280.0000 181
1282.0000 172
1284.0000 179
1286.0000 194
1288.0000 261
1290.0000 266
1292.0000 266
1294.0000 273
1296.0000 330
1298.0000 340
1300.0000 370
1302.0000 415
1304.0000 494
1306.0000 493
1308.0000 570
1310.0000 610
1312.0000 636
1314.0000 664
1316.0000 702
1318.0000 754
1320.0000 790
1322.0000 827
1324.0000 824
1326.0000 883
1328.0000 943
1330.0000 934
1332.0000 1055
1334.0000 1110
1336.0000 1072
1338.0000 1112
1340.0000 1123
1342.0000 1109
1344.0000 1216
1346.0000 1209
1348.0000 1240
1350.0000 1291
1352.0000 1336
1354.0000 1288
1356.0000 1325
1358.0000 1377
1360.0000 1360
1362.0000 1500
1364.0000 1471
1366.0000 1484
1368.0000 1528
1370.0000 1486
1372.0000 1545
1374.0000 1553
1376.0000 1591
1378.0000 1667
1380.0000 1596
1382.0000 1692
1384.0000 1800
1386.0000 1726
1388.0000 1751
1390.0000 1740
1392.0000 1900
1394.0000 1781
1396.0000 1834
1398.0000 1909
1400.0000 1814
1402.0000 1913
1404.0000 1912
1406.0000 1915
1408.0000 1866
1410.0000 1922
1412.0000 1924
1414.0000 2086
1416.0000 2033
1418.0000 1954
1420.0000 2000
1422.0000 2097
1424.0000 2036
1426.0000 2124
1428.0000 2087
1430.0000 2202
1432.0000 2162
1434.0000 2182
1436.0000 2142
1438.0000 2197
1440.0000 2197
1442.0000 2199
1444.0000 2185
1446.0000 2242
1448.0000 2244
1450.0000 2204
1452.0000 2265
1454.0000 2274
1456.0000 2386
1458.0000 2284
1460.0000 2361
1462.0000 2417
1464.0000 2335
1466.0000 2313
1468.0000 2337
1470.0000 2403
1472.0000 2327
1474.0000 2418
1476.0000 2357
1478.0000 2399
1480.0000 2495
1482.0000 2414
1484.0000 2375
1486.0000 2353
1488.0000 2425
1490.0000 2392
1492.0000 2380
1494.0000 2392
1496.0000 2420
1498.0000 2327
1500.0000 2331
1502.0000 2449
1504.0000 2385
1506.0000 2469
1508.0000 2342
1510.0000 2500
1512.0000 2498
1514.0000 2516
1516.0000 2454
1518.0000 2514
1520.0000 2471
1522.0000 2437
1524.0000 2391
1526.0000 2494
1528.0000 2504
1530.0000 2551
1532.0000 2513
1534.0000 2500
1536.0000 2486
1538.0000 2619
1540.0000 2498
1542.0000 2529
1544.0000 2553
1546.0000 2631
1548.0000 2564
1550.0000 2532
1552.0000 2606
1554.0000 2512
1556.0000 2701
1558.0000 2646
1560.0000 2677
1562.0000 2615
1564.0000 2623
1566.0000 2677
1568.0000 2692
1570.0000 2677
1572.0000 2671
1574.0000 2663
1576.0000 2707
1578.0000 2692
1580.0000 2744
1582.0000 2797
1584.0000 2583
1586.0000 2770
1588.0000 2768
1590.0000 2861
1592.0000 2712
1594.0000 2778
1596.0000 2739
1598.0000 2710
1600.0000 2710
1602.0000 2819
1604.0000 2705
1606.0000 2786
1608.0000 2832
1610.0000 2860
1612.0000 2778
1614.0000 2912
1616.0000 2922
1618.0000 2872
1620.0000 2848
1622.0000 2973
1624.0000 2980
1626.0000 2955
1628.0000 2883
1630.0000 2881
1632.0000 3011
1634.0000 2905
1636.0000 2993
1638.0000 3008
1640.0000 2894
1642.0000 2915
1644.0000 3027
1646.0000 3032
1648.0000 3052
1650.0000 3134
1652.0000 1646
1654.0000 0
1656.0000 0
1658.0000 0
1660.0000 0
1662.0000 2
1664.0000 3
1666.0000 0
1668.0000 1
1670.0000 0
1672.0000 0
1674.0000 0
1676.0000 0
1678.0000 1
1680.0000 1
1682.0000 2
1684.0000 1
1686.0000 0
1688.0000 1
1690.0000 0
1692.0000 0
1694.0000 0
1696.0000 0
1698.0000 0
1700.0000 0
1702.0000 0
1704.0000 0
1706.0000 0
1708.0000 0
1710.0000 0
1712.0000 0
1714.0000 1
1716.0000 0
1718.0000 0
1720.0000 0
1722.0000 0
1724.0000 0
1726.0000 0
1728.0000 0
1730.0000 0
1732.0000 0
1734.0000 1
1736.0000 0
1738.0000 2
1740.0000 1
1742.0000 0
1744.0000 0
1746.0000 0
1748.0000 0
1750.0000 0
1752.0000 1
1754.0000 0
1756.0000 0
1758.0000 0
1760.0000 0
1762.0000 0
1764.0000 0
1766.0000 1
1768.0000 0
1770.0000 0
1772.0000 1
1774.0000 0
1776.0000 2
1778.0000 1
1780.0000 0
1782.0000 0
1784.0000 0
1786.0000 2
1788.0000 0
1790.0000 1
1792.0000 1
1794.0000 1
1796.0000 1
1798.0000 1
1800.0000 1
1802.0000 0
1804.0000 0
1806.0000 0
1808.0000 0
1810.0000 0
1812.0000 0
1814.0000 0
1816.0000 1
1818.0000 0
1820.0000 0
1822.0000 0
1824.0000 0
1826.0000 1
1828.0000 0
1830.0000 0
1832.0000 0
1834.0000 0
1836.0000 1
1838.0000 0
1840.0000 0
1842.0000 0
1844.0000 0
1846.0000 1
1848.0000 1
1850.0000 0
1852.0000 0
1854.0000 2
1856.0000 0
1858.0000 1
1860.0000 0
1862.0000 0
1864.0000 0
1866.0000 0
1868.0000 0
1870.0000 0
1872.0000 0
1874.0000 0
1876.0000 1
1878.0000 1
1880.0000 0
1882.0000 0
1884.0000 0
1886.0000 0
1888.0000 0
1890.0000 1
1892.0000 0
1894.0000 1
1896.0000 1
1898.0000 1
1900.0000 0
1902.0000 1
1904.0000 0
1906.0000 1
1908.0000 0
1910.0000 1
1912.0000 0
1914.0000 0
1916.0000 2
1918.0000 0
1920.0000 1
1922.0000 0
1924.0000 2
1926.0000 0
1928.0000 0
1930.0000 0
1932.0000 0
1934.0000 0
1936.0000 0
1938.0000 0
1940.0000 1
1942.0000 0
1944.0000 0
1946.0000 0
1948.0000 0
1950.0000 0
1952.0000 0
1954.0000 0
1956.0000 0
1958.0000 1
1960.0000 2
1962.0000 0
1964.0000 0
1966.0000 1
1968.0000 1
1970.0000 2
1972.0000 0
1974.0000 0
1976.0000 1
1978.0000 1
1980.0000 0
1982.0000 1
1984.0000 0
1986.0000 2
1988.0000 1
1990.0000 0
1992.0000 3
1994.0000 0
1996.0000 1
1998.0000 0
2000.0000 2
2002.0000 3
2004.0000 0
2006.0000 0
2008.0000 2
2010.0000 2
2012.0000 1
2014.0000 0
2016.0000 2
2018.0000 0
2020.0000 1
2022.0000 1
2024.0000 0
2026.0000 2
2028.0000 0
2030.0000 1
2032.0000 1
2034.0000 2
2036.0000 0
2038.0000 1
2040.0000 1
2042.0000 0
2044.0000 4
2046.0000 8
2048.0000 3
2050.0000 3
2052.0000 7
2054.0000 5
2056.0000 2
2058.0000 8
2060.0000 3
2062.0000 5
2064.0000 5
2066.0000 7
2068.0000 9
2070.0000 6
2072.0000 18
2074.0000 9
2076.0000 12
2078.0000 17
2080.0000 11
2082.0000 18
2084.0000 21
2086.0000 16
2088.0000 18
2090.0000 23
2092.0000 31
2094.0000 26
2096.0000 35
2098.0000 28
2100.0000 41
2102.0000 46
2104.0000 43
2106.0000 48
2108.0000 47
2110.0000 65
2112.0000 72
2114.0000 69
2116.0000 88
2118.0000 69
2120.0000 95
2122.0000 100
2124.0000 129
2126.0000 136
2128.0000 155
2130.0000 156
2132.0000 175
2134.0000 192
2136.0000 188
2138.0000 224
2140.0000 245
2142.0000 247
2144.0000 297
2146.0000 342
2148.0000 348
2150.0000 385
2152.0000 428
2154.0000 486
2156.0000 532
2158.0000 566
2160.0000 613
2162.0000 615
2164.0000 686
2166.0000 757
2168.0000 727
2170.0000 794
2172.0000 793
2174.0000 901
2176.0000 940
2178.0000 1002
2180.0000 967
2182.0000 1053
2184.0000 1032
2186.0000 1081
2188.0000 1043
2190.0000 1148
2192.0000 1185
2194.0000 1212
2196.0000 1269
2198.0000 1383
2200.0000 1363
2202.0000 1335
2204.0000 1413
2206.0000 1365
2208.0000 1502
2210.0000 1459
2212.0000 1578
2214.0000 1590
2216.0000 1528
2218.0000 1632
2220.0000 1601
2222.0000 1652
2224.0000 1635
2226.0000 1671
2228.0000 1657
2230.0000 1758
2232.0000 1725
2234.0000 1749
2236.0000 1812
2238.0000 1806
2240.0000 1901
2242.0000 1900
2244.0000 1856
2246.0000 1834
2248.0000 1918
2250.0000 1971
2252.0000 1961
2254.0000 1996
2256.0000 2030
2258.0000 1965
2260.0000 2075
2262.0000 2081
2264.0000 2037
2266.0000 2045
2268.0000 2137
2270.0000 2102
2272.0000 2151
2274.0000 2097
2276.0000 2143
2278.0000 2220
2280.0000 2225
2282.0000 2211
2284.0000 2272
2286.0000 2229
2288.0000 2306
2290.0000 2274
2292.0000 2167
2294.0000 2349
2296.0000 2400
2298.0000 2264
2300.0000 2302
2302.0000 2341
2304.0000 2339
2306.0000 2350
2308.0000 2359
2310.0000 2382
2312.0000 2474
2314.0000 2363
2316.0000 2489
2318.0000 2479
2320.0000 2468
2322.0000 2412
2324.0000 2395
2326.0000 2459
2328.0000 2441
2330.0000 2375
2332.0000 2529
2334.0000 2395
2336.0000 2553
2338.0000 2445
2340.0000 2508
2342.0000 2484
2344.0000 2469
2346.0000 2496
2348.0000 2539
2350.0000 2565
2352.0000 2588
2354.0000 2551
2356.0000 2469
2358.0000 2688
2360.0000 2604
2362.0000 2579
2364.0000 2553
2366.0000 2577
2368.0000 2594
2370.0000 2610
2372.0000 2487
2374.0000 2725
2376.0000 2663
2378.0000 2548
2380.0000 2666
2382.0000 2653
2384.0000 2638
2386.0000 2682
2388.0000 2670
2390.0000 2714
2392.0000 2705
2394.0000 2724
2396.0000 2599
2398.0000 2695
2400.0000 2620
2402.0000 2709
2404.0000 2660
2406.0000 2668
2408.0000 2704
2410.0000 2704
2412.0000 2696
2414.0000 2670
2416.0000 2782
2418.0000 2732
2420.0000 2736
2422.0000 2808
2424.0000 2705
2426.0000 2853
2428.0000 2757
2430.0000 2757
2432.0000 2816
2434.0000 2790
2436.0000 2885
2438.0000 2851
2440.0000 2884
2442.0000 2888
2444.0000 2827
2446.0000 2793
2448.0000 2818
2450.0000 2908
2452.0000 2892
2454.0000 2890
2456.0000 2926
2458.0000 2924
2460.0000 2963
2462.0000 2939
2464.0000 3059
2466.0000 2954
2468.0000 3088
2470.0000 2922
2472.0000 2922
2474.0000 3000
2476.0000 2965
2478.0000 3059
2480.0000 3097
2482.0000 3093
2484.0000 3107
2486.0000 2996
2488.0000 3044
2490.0000 3072
2492.0000 3104
2494.0000 3231
2496.0000 3167
2498.0000 3105
2500.0000 3148
2502.0000 2318
2504.0000 0
2506.0000 0
2508.0000 0
2510.0000 0
2512.0000 0
2514.0000 1
2516.0000 0
2518.0000 0
2520.0000 2
2522.0000 0
2524.0000 1
2526.0000 2
2528.0000 0
2530.0000 0
2532.0000 0
2534.0000 0
2536.0000 1
2538.0000 1
2540.0000 0
2542.0000 0
2544.0000 1
2546.0000 0
2548.0000 1
2550.0000 0
2552.0000 0
2554.0000 1
2556.0000 0
2558.0000 0
2560.0000 0
2562.0000 0
2564.0000 0
2566.0000 0
2568.0000 0
2570.0000 0
2572.0000 0
2574.0000 0
2576.0000 0
2578.0000 0
2580.0000 0
2582.0000 0
2584.0000 0
2586.0000 0
2588.0000 0
2590.0000 0
2592.0000 0
2594.0000 0
2596.0000 0
2598.0000 1
2600.0000 0
2602.0000 2
2604.0000 1
2606.0000 0
2608.0000 2
2610.0000 0
2612.0000 0
2614.0000 2
2616.0000 1
2618.0000 0
2620.0000 3
2622.0000 0
2624.0000 1
2626.0000 0
2628.0000 0
2630.0000 0
2632.0000 0
2634.0000 0
2636.0000 1
2638.0000 0
2640.0000 1
2642.0000 0
2644.0000 0
2646.0000 1
2648.0000 0
2650.0000 0
2652.0000 0
2654.0000 0
2656.0000 0
2658.0000 0
2660.0000 0
2662.0000 0
2664.0000 1
2666.0000 0
2668.0000 0
2670.0000 0
2672.0000 2
2674.0000 1
2676.0000 0
2678.0000 0
2680.0000 0
2682.0000 1
2684.0000 0
2686.0000 0
2688.0000 0
2690.0000 1
2692.0000 0
2694.0000 0
2696.0000 1
2698.0000 0
2700.0000 1
2702.0000 0
2704.0000 1
2706.0000 0
2708.0000 1
2710.0000 0
2712.0000 1
2714.0000 0
2716.0000 0
2718.0000 1
2720.0000 0
2722.0000 0
2724.0000 0
2726.0000 0
2728.0000 0
2730.0000 0
2732.0000 0
2734.0000 0
2736.0000 0
2738.0000 0
2740.0000 0
2742.0000 0
2744.0000 0
2746.0000 0
2748.0000 0
2750.0000 0
2752.0000 0
2754.0000 0
2756.0000 0
2758.0000 0
2760.0000 0
2762.0000 0
2764.0000 0
2766.0000 1
2768.0000 0
2770.0000 1
2772.0000 0
2774.0000 0
2776.0000 0
2778.0000 0
2780.0000 0
2782.0000 0
2784.0000 0
2786.0000 0
2788.0000 0
2790.0000 1
2792.0000 1
2794.0000 0
2796.0000 0
2798.0000 0
2800.0000 0
2802.0000 0
2804.0000 0
2806.0000 1
2808.0000 0
2810.0000 0
2812.0000 0
2814.0000 0
2816.0000 0
2818.0000 0
2820.0000 0
2822.0000 0
2824.0000 0
2826.0000 0
2828.0000 0
2830.0000 1
2832.0000 2
2834.0000 0
2836.0000 0
2838.0000 1
2840.0000 0
2842.0000 2
2844.0000 0
2846.0000 2
2848.0000 1
2850.0000 1
2852.0000 2
2854.0000 1
2856.0000 1
2858.0000 0
2860.0000 0
2862.0000 1
2864.0000 0
2866.0000 1
2868.0000 2
2870.0000 0
2872.0000 2
2874.0000 0
2876.0000 3
2878.0000 2
2880.0000 4
2882.0000 1
2884.0000 2
2886.0000 3
2888.0000 1
2890.0000 3
2892.0000 0
2894.0000 2
2896.0000 9
2898.0000 4
2900.0000 8
2902.0000 6
2904.0000 5
2906.0000 6
2908.0000 4
2910.0000 7
2912.0000 6
2914.0000 10
2916.0000 8
2918.0000 8
2920.0000 12
2922.0000 14
2924.0000 8
2926.0000 17
2928.0000 20
2930.0000 12
2932.0000 23
2934.0000 18
2936.0000 19
2938.0000 24
2940.0000 28
2942.0000 29
2944.0000 25
2946.0000 28
2948.0000 33
2950.0000 40
2952.0000 46
2954.0000 50
2956.0000 55
2958.0000 55
2960.0000 61
2962.0000 70
2964.0000 79
2966.0000 89
2968.0000 88
2970.0000 101
2972.0000 115
2974.0000 125
2976.0000 110
2978.0000 138
2980.0000 170
2982.0000 186
2984.0000 201
2986.0000 185
2988.0000 213
2990.0000 271
2992.0000 277
2994.0000 297
2996.0000 309
2998.0000 342
3000.0000 385
3002.0000 460
3004.0000 495
3006.0000 530
3008.0000 544
3010.0000 604
3012.0000 632
3014.0000 699
3016.0000 754
3018.0000 772
3020.0000 847
3022.0000 839
3024.0000 897
3026.0000 939
3028.0000 951
3030.0000 992
3032.0000 1051
3034.0000 1025
3036.0000 1161
3038.0000 1184
3040.0000 1238
3042.0000 1267
3044.0000 1220
3046.0000 1428
3048.0000 1379
3050.0000 1394
3052.0000 1408
3054.0000 1395
3056.0000 1523
3058.0000 1503
3060.0000 1534
3062.0000 1608
3064.0000 1537
3066.0000 1514
3068.0000 1696
3070.0000 1668
3072.0000 1676
3074.0000 1730
3076.0000 1733
3078.0000 1749
3080.0000 1780
3082.0000 1815
3084.0000 1819
3086.0000 1817
3088.0000 1904
3090.0000 1909
3092.0000 1845
3094.0000 1930
3096.0000 1987
3098.0000 2055
3100.0000 2036
3102.0000 1928
3104.0000 2081
3106.0000 2114
3108.0000 2147
3110.0000 2080
3112.0000 2196
3114.0000 2200
3116.0000 2217
3118.0000 2210
3120.0000 2245
3122.0000 2186
3124.0000 2187
3126.0000 2335
3128.0000 2225
3130.0000 2327
3132.0000 2346
3134.0000 2308
3136.0000 2329
3138.0000 2313
3140.0000 2359
3142.0000 2445
3144.0000 2396
3146.0000 2432
3148.0000 2356
3150.0000 2413
3152.0000 2439
3154.0000 2457
3156.0000 2526
3158.0000 2398
3160.0000 2442
3162.0000 2556
3164.0000 2511
3166.0000 2488
3168.0000 2532
3170.0000 2452
3172.0000 2505
3174.0000 2526
3176.0000 2601
3178.0000 2545
3180.0000 2592
3182.0000 2603
3184.0000 2565
3186.0000 2617
3188.0000 2629
3190.0000 2563
3192.0000 2526
3194.0000 2582
3196.0000 2620
3198.0000 2611
3200.0000 2521
3202.0000 2612
3204.0000 2599
3206.0000 2639
3208.0000 2608
3210.0000 2674
3212.0000 2577
3214.0000 2662
3216.0000 2718
3218.0000 2586
3220.0000 2647
3222.0000 2702
3224.0000 2704
3226.0000 2752
3228.0000 2762
3230.0000 2787
3232.0000 2764
3234.0000 2781
3236.0000 2741
3238.0000 2699
3240.0000 2795
3242.0000 2783
3244.0000 2835
3246.0000 2804
3248.0000 2744
3250.0000 2846
3252.0000 2727
3254.0000 2750
3256.0000 2799
3258.0000 2816
3260.0000 2884
3262.0000 2850
3264.0000 2766
3266.0000 2927
3268.0000 2827
3270.0000 2930
3272.0000 2875
3274.0000 2911
3276.0000 2841
3278.0000 2881
3280.0000 2866
3282.0000 2900
3284.0000 3007
3286.0000 2831
3288.0000 2866
3290.0000 2965
3292.0000 2968
3294.0000 3034
3296.0000 3020
3298.0000 3013
3300.0000 3009
3302.0000 3004
3304.0000 3025
3306.0000 2964
3308.0000 3100
3310.0000 3027
3312.0000 3046
3314.0000 3089
3316.0000 3040
3318.0000 3129
3320.0000 3093
3322.0000 3125
3324.0000 3160
3326.0000 3140
3328.0000 3145
3330.0000 3186
3332.0000 3184
3334.0000 3242
3336.0000 3234
3338.0000 3235
3340.0000 3268
3342.0000 3291
3344.0000 3328
3346.0000 3313
3348.0000 3307
3350.0000 3401
3352.0000 3088
3354.0000 3
3356.0000 0
3358.0000 1
3360.0000 0
3362.0000 0
3364.0000 0
3366.0000 0
3368.0000 0
3370.0000 0
3372.0000 2
3374.0000 1
3376.0000 1
3378.0000 1
3380.0000 0
3382.0000 1
3384.0000 1
3386.0000 0
3388.0000 1
3390.0000 0
3392.0000 0
3394.0000 0
3396.0000 2
3398.0000 0
