0.0000 4
2.0000 3
4.0000 4
6.0000 1
8.0000 1
10.0000 3
12.0000 4
14.0000 7
16.0000 6
18.0000 1
20.0000 4
22.0000 2
24.0000 3
26.0000 5
28.0000 9
30.0000 4
32.0000 9
34.0000 8
36.0000 8
38.0000 5
40.0000 3
42.0000 7
44.0000 14
46.0000 7
48.0000 8
50.0000 11
52.0000 7
54.0000 3
56.0000 8
58.0000 6
60.0000 3
62.0000 6
64.0000 4
66.0000 4
68.0000 10
70.0000 2
72.0000 5
74.0000 5
76.0000 3
78.0000 2
80.0000 2
82.0000 7
84.0000 3
86.0000 7
88.0000 5
90.0000 3
92.0000 2
94.0000 4
96.0000 4
98.0000 2
100.0000 1
102.0000 6
104.0000 5
106.0000 12
108.0000 5
110.0000 5
112.0000 2
114.0000 0
116.0000 5
118.0000 8
120.0000 5
122.0000 2
124.0000 7
126.0000 5
128.0000 5
130.0000 3
132.0000 5
134.0000 5
136.0000 6
138.0000 1
140.0000 4
142.0000 5
144.0000 1
146.0000 5
148.0000 3
150.0000 5
152.0000 5
154.0000 3
156.0000 5
158.0000 8
160.0000 4
162.0000 3
164.0000 10
166.0000 6
168.0000 6
170.0000 5
172.0000 12
174.0000 3
176.0000 7
178.0000 5
180.0000 13
182.0000 7
184.0000 2
186.0000 3
188.0000 15
190.0000 11
192.0000 5
194.0000 6
196.0000 7
198.0000 10
200.0000 8
202.0000 8
204.0000 11
206.0000 12
208.0000 11
210.0000 14
212.0000 11
214.0000 7
216.0000 13
218.0000 12
220.0000 10
222.0000 14
224.0000 12
226.0000 14
228.0000 17
230.0000 25
232.0000 17
234.0000 10
236.0000 21
238.0000 20
240.0000 14
242.0000 30
244.0000 23
246.0000 26
248.0000 43
250.0000 29
252.0000 24
254.0000 28
256.0000 41
258.0000 40
260.0000 52
262.0000 47
264.0000 57
266.0000 49
268.0000 59
270.0000 75
272.0000 61
274.0000 77
276.0000 78
278.0000 86
280.0000 71
282.0000 76
284.0000 98
286.0000 112
288.0000 90
290.0000 128
292.0000 124
294.0000 153
296.0000 137
298.0000 158
300.0000 157
302.0000 176
304.0000 197
306.0000 212
308.0000 216
310.0000 232
312.0000 283
314.0000 298
316.0000 307
318.0000 327
320.0000 329
322.0000 377
324.0000 353
326.0000 399
328.0000 445
330.0000 505
332.0000 516
334.0000 539
336.0000 613
338.0000 606
340.0000 650
342.0000 749
344.0000 753
346.0000 860
348.0000 874
350.0000 907
352.0000 1071
354.0000 1056
356.0000 1120
358.0000 1250
360.0000 1266
362.0000 1249
364.0000 1425
366.0000 1552
368.0000 1605
370.0000 1705
372.0000 1660
374.0000 1691
376.0000 1878
378.0000 1965
380.0000 1951
382.0000 2078
384.0000 2290
386.0000 2211
388.0000 2318
390.0000 2390
392.0000 2492
394.0000 2575
396.0000 2650
398.0000 2738
400.0000 2832
402.0000 2799
404.0000 2988
406.0000 3100
408.0000 3228
410.0000 3119
412.0000 3182
414.0000 3387
416.0000 3364
418.0000 3446
420.0000 3595
422.0000 3645
424.0000 3641
426.0000 3858
428.0000 3921
430.0000 3805
432.0000 3870
434.0000 4073
436.0000 4123
438.0000 4023
440.0000 4140
442.0000 4166
444.0000 4254
446.0000 4237
448.0000 4370
450.0000 4441
452.0000 4562
454.0000 4556
456.0000 4662
458.0000 4862
460.0000 4790
462.0000 4715
464.0000 4939
466.0000 4943
468.0000 5038
470.0000 4977
472.0000 5134
474.0000 5272
476.0000 5302
478.0000 5502
480.0000 5403
482.0000 5311
484.0000 5356
486.0000 5366
488.0000 5528
490.0000 5675
492.0000 5673
494.0000 5503
496.0000 5736
498.0000 5667
500.0000 5717
502.0000 5815
504.0000 5847
506.0000 5834
508.0000 5856
510.0000 6020
512.0000 6072
514.0000 6187
516.0000 6192
518.0000 6191
520.0000 6170
522.0000 6157
524.0000 6233
526.0000 6349
528.0000 6306
530.0000 6207
532.0000 6281
534.0000 6444
536.0000 6397
538.0000 6626
540.0000 6584
542.0000 6559
544.0000 6509
546.0000 6549
548.0000 6569
550.0000 6372
552.0000 6454
554.0000 6503
556.0000 6675
558.0000 6659
560.0000 6623
562.0000 6641
564.0000 6640
566.0000 6926
568.0000 6956
570.0000 7177
572.0000 7085
574.0000 7223
576.0000 6923
578.0000 7075
580.0000 6918
582.0000 7178
584.0000 7211
586.0000 7186
588.0000 7212
590.0000 7170
592.0000 7394
594.0000 7261
596.0000 7412
598.0000 7209
600.0000 7336
602.0000 7242
604.0000 7315
606.0000 7658
608.0000 7615
610.0000 7746
612.0000 7759
614.0000 7842
616.0000 7775
618.0000 7542
620.0000 7657
622.0000 7850
624.0000 7722
626.0000 7595
628.0000 7664
630.0000 7735
632.0000 7676
634.0000 7896
636.0000 7793
638.0000 7580
640.0000 7736
642.0000 7794
644.0000 7754
646.0000 7870
648.0000 7951
650.0000 8013
652.0000 7932
654.0000 8128
656.0000 7905
658.0000 7703
660.0000 7905
662.0000 7839
664.0000 7915
666.0000 7925
668.0000 7838
670.0000 7919
672.0000 8154
674.0000 8075
676.0000 7941
678.0000 7934
680.0000 7775
682.0000 7775
684.0000 7751
686.0000 8007
688.0000 8083
690.0000 8023
692.0000 7968
694.0000 8173
696.0000 8167
698.0000 8112
700.0000 8450
702.0000 8358
704.0000 8299
706.0000 8286
708.0000 8169
710.0000 8303
712.0000 8221
714.0000 8196
716.0000 8216
718.0000 8359
720.0000 8077
722.0000 8354
724.0000 8342
726.0000 8489
728.0000 8200
730.0000 8293
732.0000 8082
734.0000 8510
736.0000 8215
738.0000 8204
740.0000 8243
742.0000 8148
744.0000 8272
746.0000 8039
748.0000 8250
750.0000 8287
752.0000 8072
754.0000 8289
756.0000 8401
758.0000 8468
760.0000 8186
762.0000 8318
764.0000 8141
766.0000 8004
768.0000 7956
770.0000 8164
772.0000 8395
774.0000 8388
776.0000 8337
778.0000 8198
780.0000 8310
782.0000 8301
784.0000 8230
786.0000 8267
788.0000 8563
790.0000 8157
792.0000 8130
794.0000 8207
796.0000 8409
798.0000 8291
800.0000 8181
802.0000 2668
804.0000 4
806.0000 1
808.0000 0
810.0000 3
812.0000 3
814.0000 2
816.0000 0
818.0000 3
820.0000 2
822.0000 1
824.0000 2
826.0000 5
828.0000 4
830.0000 4
832.0000 4
834.0000 3
836.0000 1
838.0000 3
840.0000 1
842.0000 0
844.0000 0
846.0000 3
848.0000 1
850.0000 3
852.0000 1
854.0000 2
856.0000 3
858.0000 7
860.0000 1
862.0000 0
864.0000 4
866.0000 4
868.0000 2
870.0000 2
872.0000 8
874.0000 5
876.0000 4
878.0000 7
880.0000 3
882.0000 2
884.0000 2
886.0000 7
888.0000 4
890.0000 5
892.0000 7
894.0000 2
896.0000 3
898.0000 3
900.0000 5
902.0000 3
904.0000 2
906.0000 4
908.0000 6
910.0000 3
912.0000 9
914.0000 7
916.0000 12
918.0000 10
920.0000 0
922.0000 2
924.0000 1
926.0000 5
928.0000 7
930.0000 3
932.0000 6
934.0000 1
936.0000 1
938.0000 3
940.0000 3
942.0000 6
944.0000 2
946.0000 2
948.0000 1
950.0000 3
952.0000 2
954.0000 2
956.0000 5
958.0000 1
960.0000 4
962.0000 4
964.0000 4
966.0000 3
968.0000 3
970.0000 1
972.0000 3
974.0000 3
976.0000 3
978.0000 3
980.0000 4
982.0000 3
984.0000 6
986.0000 4
988.0000 1
990.0000 3
992.0000 9
994.0000 6
996.0000 3
998.0000 8
1000.0000 4
1002.0000 4
1004.0000 4
1006.0000 4
1008.0000 10
1010.0000 2
1012.0000 1
1014.0000 1
1016.0000 3
1018.0000 3
1020.0000 6
1022.0000 3
1024.0000 4
1026.0000 6
1028.0000 8
1030.0000 1
1032.0000 5
1034.0000 4
1036.0000 6
1038.0000 6
1040.0000 5
1042.0000 5
1044.0000 8
1046.0000 8
1048.0000 7
1050.0000 3
1052.0000 8
1054.0000 13
1056.0000 5
1058.0000 6
1060.0000 9
1062.0000 16
1064.0000 10
1066.0000 9
1068.0000 10
1070.0000 14
1072.0000 13
1074.0000 16
1076.0000 19
1078.0000 26
1080.0000 25
1082.0000 28
1084.0000 28
1086.0000 25
1088.0000 23
1090.0000 32
1092.0000 27
1094.0000 24
1096.0000 36
1098.0000 31
1100.0000 38
1102.0000 46
1104.0000 37
1106.0000 41
1108.0000 48
1110.0000 28
1112.0000 42
1114.0000 64
1116.0000 55
1118.0000 62
1120.0000 58
1122.0000 70
1124.0000 83
1126.0000 82
1128.0000 67
1130.0000 84
1132.0000 91
1134.0000 98
1136.0000 114
1138.0000 115
1140.0000 115
1142.0000 118
1144.0000 135
1146.0000 182
1148.0000 189
1150.0000 215
1152.0000 227
1154.0000 218
1156.0000 255
1158.0000 276
1160.0000 255
1162.0000 302
1164.0000 335
1166.0000 328
1168.0000 370
1170.0000 411
1172.0000 412
1174.0000 422
1176.0000 470
1178.0000 552
1180.0000 557
1182.0000 608
1184.0000 610
1186.0000 682
1188.0000 753
1190.0000 779
1192.0000 889
1194.0000 821
1196.0000 925
1198.0000 970
1200.0000 1025
1202.0000 1063
1204.0000 1069
1206.0000 1188
1208.0000 1283
1210.0000 1353
1212.0000 1383
1214.0000 1425
1216.0000 1548
1218.0000 1625
1220.0000 1683
1222.0000 1752
1224.0000 1838
1226.0000 1942
1228.0000 1953
1230.0000 1946
1232.0000 2081
1234.0000 2226
1236.0000 2228
1238.0000 2274
1240.0000 2407
1242.0000 2505
1244.0000 2499
1246.0000 2662
1248.0000 2621
1250.0000 2727
1252.0000 2825
1254.0000 2834
1256.0000 3010
1258.0000 2918
1260.0000 3154
1262.0000 3046
1264.0000 3152
1266.0000 3289
1268.0000 3305
1270.0000 3421
1272.0000 3389
1274.0000 3502
1276.0000 3577
1278.0000 3529
1280.0000 3656
1282.0000 3679
1284.0000 3719
1286.0000 3742
1288.0000 3916
1290.0000 4092
1292.0000 4021
1294.0000 4076
1296.0000 3917
1298.0000 3969
1300.0000 4082
1302.0000 3968
1304.0000 4034
1306.0000 4237
1308.0000 4157
1310.0000 4091
1312.0000 4188
1314.0000 4346
1316.0000 4273
1318.0000 4341
1320.0000 4421
1322.0000 4507
1324.0000 4420
1326.0000 4415
1328.0000 4504
1330.0000 4533
1332.0000 4659
1334.0000 4656
1336.0000 4668
1338.0000 4867
1340.0000 4814
1342.0000 4866
1344.0000 4939
1346.0000 4701
1348.0000 4712
1350.0000 4731
1352.0000 4654
1354.0000 4842
1356.0000 4920
1358.0000 5161
1360.0000 5083
1362.0000 5260
1364.0000 5325
1366.0000 5334
1368.0000 5178
1370.0000 5199
1372.0000 5176
1374.0000 5169
1376.0000 5286
1378.0000 5230
1380.0000 5208
1382.0000 5298
1384.0000 5192
1386.0000 5226
1388.0000 5250
1390.0000 5267
1392.0000 5307
1394.0000 5438
1396.0000 5481
1398.0000 5544
1400.0000 5531
1402.0000 5634
1404.0000 5605
1406.0000 5708
1408.0000 5750
1410.0000 5758
1412.0000 5935
1414.0000 5882
1416.0000 5768
1418.0000 5571
1420.0000 5814
1422.0000 6024
1424.0000 5865
1426.0000 5941
1428.0000 5926
1430.0000 6141
1432.0000 5989
1434.0000 6050
1436.0000 6074
1438.0000 6131
1440.0000 6178
1442.0000 6162
1444.0000 6257
1446.0000 6225
1448.0000 6315
1450.0000 6255
1452.0000 6284
1454.0000 6315
1456.0000 6441
1458.0000 6314
1460.0000 6415
1462.0000 6662
1464.0000 6717
1466.0000 6227
1468.0000 6511
1470.0000 6505
1472.0000 6456
1474.0000 6336
1476.0000 6456
1478.0000 6553
1480.0000 6313
1482.0000 6317
1484.0000 6120
1486.0000 6203
1488.0000 6242
1490.0000 6518
1492.0000 6574
1494.0000 6512
1496.0000 6639
1498.0000 6667
1500.0000 6383
1502.0000 6458
1504.0000 6498
1506.0000 6548
1508.0000 6551
1510.0000 6624
1512.0000 6534
1514.0000 6631
1516.0000 6660
1518.0000 6873
1520.0000 6661
1522.0000 6772
1524.0000 6776
1526.0000 6732
1528.0000 6851
1530.0000 6620
1532.0000 6580
1534.0000 6414
1536.0000 6383
1538.0000 6419
1540.0000 6519
1542.0000 6629
1544.0000 6567
1546.0000 6726
1548.0000 6580
1550.0000 6704
1552.0000 6539
1554.0000 6728
1556.0000 6765
1558.0000 6659
1560.0000 6673
1562.0000 6917
1564.0000 6835
1566.0000 6577
1568.0000 6519
1570.0000 6628
1572.0000 6553
1574.0000 6468
1576.0000 6748
1578.0000 6679
1580.0000 6653
1582.0000 6622
1584.0000 6549
1586.0000 6924
1588.0000 6705
1590.0000 6417
1592.0000 6640
1594.0000 6715
1596.0000 6867
1598.0000 6862
1600.0000 6835
1602.0000 6749
1604.0000 6926
1606.0000 6877
1608.0000 6745
1610.0000 6670
1612.0000 6614
1614.0000 6767
1616.0000 6589
1618.0000 6813
1620.0000 6670
1622.0000 6635
1624.0000 6655
1626.0000 6661
1628.0000 6722
1630.0000 6815
1632.0000 6963
1634.0000 6630
1636.0000 6558
1638.0000 6469
1640.0000 6818
1642.0000 6799
1644.0000 6784
1646.0000 6871
1648.0000 6804
1650.0000 6873
1652.0000 3664
1654.0000 3
1656.0000 2
1658.0000 2
1660.0000 3
1662.0000 0
1664.0000 2
1666.0000 3
1668.0000 3
1670.0000 5
1672.0000 0
1674.0000 3
1676.0000 0
1678.0000 0
1680.0000 2
1682.0000 2
1684.0000 0
1686.0000 3
1688.0000 4
1690.0000 3
1692.0000 0
1694.0000 1
1696.0000 3
1698.0000 0
1700.0000 1
1702.0000 2
1704.0000 0
1706.0000 3
1708.0000 2
1710.0000 2
1712.0000 2
1714.0000 0
1716.0000 1
1718.0000 0
1720.0000 1
1722.0000 0
1724.0000 3
1726.0000 3
1728.0000 3
1730.0000 2
1732.0000 3
1734.0000 6
1736.0000 0
1738.0000 1
1740.0000 4
1742.0000 2
1744.0000 3
1746.0000 5
1748.0000 5
1750.0000 2
1752.0000 6
1754.0000 3
1756.0000 1
1758.0000 1
1760.0000 0
1762.0000 1
1764.0000 1
1766.0000 1
1768.0000 3
1770.0000 2
1772.0000 3
1774.0000 1
1776.0000 1
1778.0000 4
1780.0000 1
1782.0000 1
1784.0000 2
1786.0000 2
1788.0000 2
1790.0000 4
1792.0000 1
1794.0000 3
1796.0000 1
1798.0000 0
1800.0000 3
1802.0000 1
1804.0000 4
1806.0000 3
1808.0000 1
1810.0000 1
1812.0000 1
1814.0000 1
1816.0000 4
1818.0000 2
1820.0000 0
1822.0000 3
1824.0000 1
1826.0000 1
1828.0000 2
1830.0000 6
1832.0000 4
1834.0000 3
1836.0000 4
1838.0000 1
1840.0000 6
1842.0000 8
1844.0000 4
1846.0000 2
1848.0000 2
1850.0000 0
1852.0000 4
1854.0000 4
1856.0000 5
1858.0000 3
1860.0000 4
1862.0000 4
1864.0000 2
1866.0000 3
1868.0000 4
1870.0000 2
1872.0000 2
1874.0000 3
1876.0000 6
1878.0000 4
1880.0000 7
1882.0000 7
1884.0000 0
1886.0000 11
1888.0000 5
1890.0000 1
1892.0000 7
1894.0000 2
1896.0000 3
1898.0000 6
1900.0000 6
1902.0000 7
1904.0000 7
1906.0000 12
1908.0000 4
1910.0000 11
1912.0000 13
1914.0000 13
1916.0000 20
1918.0000 14
1920.0000 16
1922.0000 10
1924.0000 9
1926.0000 8
1928.0000 13
1930.0000 11
1932.0000 20
1934.0000 21
1936.0000 27
1938.0000 23
1940.0000 23
1942.0000 20
1944.0000 23
1946.0000 22
1948.0000 28
1950.0000 23
1952.0000 41
1954.0000 33
1956.0000 43
1958.0000 35
1960.0000 48
1962.0000 52
1964.0000 59
1966.0000 45
1968.0000 76
1970.0000 57
1972.0000 88
1974.0000 84
1976.0000 69
1978.0000 92
1980.0000 90
1982.0000 116
1984.0000 109
1986.0000 111
1988.0000 103
1990.0000 123
1992.0000 147
1994.0000 157
1996.0000 173
1998.0000 195
2000.0000 186
2002.0000 217
2004.0000 217
2006.0000 236
2008.0000 269
2010.0000 277
2012.0000 298
2014.0000 316
2016.0000 318
2018.0000 351
2020.0000 380
2022.0000 422
2024.0000 433
2026.0000 449
2028.0000 508
2030.0000 558
2032.0000 585
2034.0000 610
2036.0000 646
2038.0000 729
2040.0000 709
2042.0000 836
2044.0000 852
2046.0000 883
2048.0000 930
2050.0000 991
2052.0000 977
2054.0000 1081
2056.0000 1147
2058.0000 1212
2060.0000 1314
2062.0000 1304
2064.0000 1365
2066.0000 1326
2068.0000 1474
2070.0000 1553
2072.0000 1643
2074.0000 1679
2076.0000 1643
2078.0000 1744
2080.0000 1805
2082.0000 1932
2084.0000 1995
2086.0000 2094
2088.0000 2096
2090.0000 2090
2092.0000 2182
2094.0000 2331
2096.0000 2357
2098.0000 2480
2100.0000 2459
2102.0000 2519
2104.0000 2601
2106.0000 2566
2108.0000 2740
2110.0000 2681
2112.0000 2773
2114.0000 2735
2116.0000 2940
2118.0000 3045
2120.0000 3022
2122.0000 2957
2124.0000 2955
2126.0000 3022
2128.0000 3096
2130.0000 2967
2132.0000 3202
2134.0000 3150
2136.0000 3256
2138.0000 3352
2140.0000 3304
2142.0000 3372
2144.0000 3326
2146.0000 3368
2148.0000 3473
2150.0000 3375
2152.0000 3441
2154.0000 3359
2156.0000 3373
2158.0000 3484
2160.0000 3484
2162.0000 3384
2164.0000 3442
2166.0000 3571
2168.0000 3749
2170.0000 3658
2172.0000 3741
2174.0000 3707
2176.0000 3784
2178.0000 3833
2180.0000 3966
2182.0000 3988
2184.0000 3983
2186.0000 3896
2188.0000 3991
2190.0000 3840
2192.0000 3983
2194.0000 3973
2196.0000 4068
2198.0000 4009
2200.0000 4259
2202.0000 4422
2204.0000 4240
2206.0000 4081
2208.0000 4084
2210.0000 4363
2212.0000 4180
2214.0000 4366
2216.0000 4433
2218.0000 4278
2220.0000 4328
2222.0000 4386
2224.0000 4344
2226.0000 4278
2228.0000 4329
2230.0000 4239
2232.0000 4115
2234.0000 4203
2236.0000 4144
2238.0000 4237
2240.0000 4221
2242.0000 4443
2244.0000 4405
2246.0000 4435
2248.0000 4482
2250.0000 4239
2252.0000 4316
2254.0000 4489
2256.0000 4435
2258.0000 4600
2260.0000 4418
2262.0000 4565
2264.0000 4550
2266.0000 4392
2268.0000 4500
2270.0000 4754
2272.0000 4539
2274.0000 4520
2276.0000 4562
2278.0000 4635
2280.0000 4699
2282.0000 4667
2284.0000 4699
2286.0000 4827
2288.0000 4907
2290.0000 4799
2292.0000 4615
2294.0000 4557
2296.0000 4564
2298.0000 4893
2300.0000 4938
2302.0000 4909
2304.0000 4869
2306.0000 5038
2308.0000 4946
2310.0000 4676
2312.0000 4872
2314.0000 4700
2316.0000 4924
2318.0000 4973
2320.0000 5054
2322.0000 5075
2324.0000 4976
2326.0000 4949
2328.0000 5071
2330.0000 4978
2332.0000 5062
2334.0000 4994
2336.0000 5070
2338.0000 5075
2340.0000 5298
2342.0000 5584
2344.0000 5210
2346.0000 5245
2348.0000 5354
2350.0000 5137
2352.0000 5112
2354.0000 5300
2356.0000 5281
2358.0000 5325
2360.0000 5053
2362.0000 5123
2364.0000 5205
2366.0000 5387
2368.0000 5381
2370.0000 5380
2372.0000 5403
2374.0000 5452
2376.0000 5528
2378.0000 5278
2380.0000 5337
2382.0000 5277
2384.0000 5414
2386.0000 5354
2388.0000 5070
2390.0000 5089
2392.0000 5036
2394.0000 5252
2396.0000 5401
2398.0000 5179
2400.0000 5199
2402.0000 5315
2404.0000 5069
2406.0000 5013
2408.0000 5159
2410.0000 5219
2412.0000 5216
2414.0000 5305
2416.0000 5240
2418.0000 5311
2420.0000 5298
2422.0000 5295
2424.0000 5319
2426.0000 5409
2428.0000 5409
2430.0000 5541
2432.0000 5517
2434.0000 5436
2436.0000 5561
2438.0000 5128
2440.0000 5460
2442.0000 5161
2444.0000 5309
2446.0000 5132
2448.0000 5496
2450.0000 5101
2452.0000 5276
2454.0000 5394
2456.0000 5148
2458.0000 5340
2460.0000 5384
2462.0000 5504
2464.0000 5611
2466.0000 5459
2468.0000 5571
2470.0000 5296
2472.0000 5231
2474.0000 5313
2476.0000 5336
2478.0000 5770
2480.0000 5592
2482.0000 5285
2484.0000 5278
2486.0000 5367
2488.0000 5396
2490.0000 5406
2492.0000 5311
2494.0000 5487
2496.0000 5464
2498.0000 5144
2500.0000 5165
2502.0000 3824
2504.0000 2
2506.0000 2
2508.0000 0
2510.0000 4
2512.0000 1
2514.0000 3
2516.0000 0
2518.0000 4
2520.0000 2
2522.0000 0
2524.0000 1
2526.0000 1
2528.0000 2
2530.0000 1
2532.0000 3
2534.0000 1
2536.0000 0
2538.0000 0
2540.0000 1
2542.0000 3
2544.0000 0
2546.0000 1
2548.0000 3
2550.0000 1
2552.0000 2
2554.0000 0
2556.0000 4
2558.0000 3
2560.0000 3
2562.0000 3
2564.0000 2
2566.0000 0
2568.0000 4
2570.0000 1
2572.0000 4
2574.0000 1
2576.0000 1
2578.0000 0
2580.0000 1
2582.0000 0
2584.0000 1
2586.0000 6
2588.0000 3
2590.0000 1
2592.0000 0
2594.0000 1
2596.0000 2
2598.0000 2
2600.0000 1
2602.0000 2
2604.0000 2
2606.0000 2
2608.0000 2
2610.0000 4
2612.0000 6
2614.0000 4
2616.0000 2
2618.0000 1
2620.0000 1
2622.0000 0
2624.0000 1
2626.0000 3
2628.0000 5
2630.0000 5
2632.0000 3
2634.0000 5
2636.0000 0
2638.0000 4
2640.0000 1
2642.0000 2
2644.0000 3
2646.0000 2
2648.0000 1
2650.0000 3
2652.0000 3
2654.0000 1
2656.0000 4
2658.0000 4
2660.0000 1
2662.0000 5
2664.0000 3
2666.0000 2
2668.0000 3
2670.0000 5
2672.0000 3
2674.0000 4
2676.0000 3
2678.0000 3
2680.0000 4
2682.0000 1
2684.0000 0
2686.0000 5
2688.0000 3
2690.0000 0
2692.0000 0
2694.0000 4
2696.0000 2
2698.0000 3
2700.0000 3
2702.0000 0
2704.0000 1
2706.0000 2
2708.0000 4
2710.0000 5
2712.0000 2
2714.0000 7
2716.0000 4
2718.0000 5
2720.0000 8
2722.0000 1
2724.0000 2
2726.0000 2
2728.0000 4
2730.0000 7
2732.0000 3
2734.0000 0
2736.0000 6
2738.0000 5
2740.0000 5
2742.0000 3
2744.0000 5
2746.0000 1
2748.0000 5
2750.0000 5
2752.0000 7
2754.0000 5
2756.0000 11
2758.0000 9
2760.0000 10
2762.0000 16
2764.0000 11
2766.0000 11
2768.0000 16
2770.0000 11
2772.0000 7
2774.0000 13
2776.0000 19
2778.0000 11
2780.0000 17
2782.0000 17
2784.0000 14
2786.0000 24
2788.0000 20
2790.0000 21
2792.0000 38
2794.0000 25
2796.0000 25
2798.0000 22
2800.0000 31
2802.0000 39
2804.0000 34
2806.0000 37
2808.0000 42
2810.0000 41
2812.0000 52
2814.0000 55
2816.0000 37
2818.0000 58
2820.0000 58
2822.0000 72
2824.0000 61
2826.0000 77
2828.0000 98
2830.0000 92
2832.0000 87
2834.0000 104
2836.0000 110
2838.0000 116
2840.0000 121
2842.0000 141
2844.0000 148
2846.0000 161
2848.0000 177
2850.0000 181
2852.0000 195
2854.0000 222
2856.0000 239
2858.0000 221
2860.0000 252
2862.0000 283
2864.0000 332
2866.0000 327
2868.0000 341
2870.0000 382
2872.0000 408
2874.0000 462
2876.0000 445
2878.0000 534
2880.0000 513
2882.0000 569
2884.0000 593
2886.0000 641
2888.0000 654
2890.0000 687
2892.0000 723
2894.0000 769
2896.0000 790
2898.0000 810
2900.0000 859
2902.0000 896
2904.0000 946
2906.0000 982
2908.0000 1065
2910.0000 1105
2912.0000 1143
2914.0000 1217
2916.0000 1278
2918.0000 1410
2920.0000 1335
2922.0000 1524
2924.0000 1564
2926.0000 1539
2928.0000 1589
2930.0000 1621
2932.0000 1683
2934.0000 1720
2936.0000 1736
2938.0000 1832
2940.0000 1813
2942.0000 1851
2944.0000 1923
2946.0000 2007
2948.0000 2027
2950.0000 2054
2952.0000 2024
2954.0000 2160
2956.0000 2348
2958.0000 2244
2960.0000 2242
2962.0000 2242
2964.0000 2281
2966.0000 2351
2968.0000 2427
2970.0000 2496
2972.0000 2546
2974.0000 2560
2976.0000 2706
2978.0000 2755
2980.0000 2778
2982.0000 2713
2984.0000 2565
2986.0000 2667
2988.0000 2700
2990.0000 2772
2992.0000 2686
2994.0000 2680
2996.0000 2836
2998.0000 2705
3000.0000 2721
3002.0000 2834
3004.0000 2967
3006.0000 2964
3008.0000 2924
3010.0000 2984
3012.0000 2966
3014.0000 2990
3016.0000 3080
3018.0000 2992
3020.0000 3080
3022.0000 3110
3024.0000 3112
3026.0000 3100
3028.0000 3150
3030.0000 3135
3032.0000 3080
3034.0000 3018
3036.0000 3092
3038.0000 3160
3040.0000 3303
3042.0000 3295
3044.0000 3216
3046.0000 3198
3048.0000 3187
3050.0000 3267
3052.0000 3249
3054.0000 3213
3056.0000 3281
3058.0000 3408
3060.0000 3285
3062.0000 3320
3064.0000 3330
3066.0000 3527
3068.0000 3650
3070.0000 3387
3072.0000 3446
3074.0000 3524
3076.0000 3495
3078.0000 3528
3080.0000 3475
3082.0000 3470
3084.0000 3500
3086.0000 3480
3088.0000 3516
3090.0000 3740
3092.0000 3720
3094.0000 3631
3096.0000 3759
3098.0000 3545
3100.0000 3774
3102.0000 3601
3104.0000 3632
3106.0000 3725
3108.0000 3700
3110.0000 3773
3112.0000 3599
3114.0000 3876
3116.0000 3830
3118.0000 3821
3120.0000 3951
3122.0000 3799
3124.0000 3962
3126.0000 3816
3128.0000 3769
3130.0000 3874
3132.0000 3901
3134.0000 3909
3136.0000 3781
3138.0000 3755
3140.0000 3731
3142.0000 3632
3144.0000 3549
3146.0000 3824
3148.0000 3958
3150.0000 3846
3152.0000 3781
3154.0000 3851
3156.0000 3885
3158.0000 3892
3160.0000 3953
3162.0000 3949
3164.0000 4010
3166.0000 4019
3168.0000 4061
3170.0000 4011
3172.0000 4094
3174.0000 4224
3176.0000 4052
3178.0000 4119
3180.0000 3915
3182.0000 4045
3184.0000 3966
3186.0000 4133
3188.0000 4132
3190.0000 4175
3192.0000 4073
3194.0000 4027
3196.0000 4040
3198.0000 4069
3200.0000 4171
3202.0000 4237
3204.0000 4104
3206.0000 4009
3208.0000 3881
3210.0000 4035
3212.0000 3991
3214.0000 4141
3216.0000 4226
3218.0000 4181
3220.0000 4057
3222.0000 4069
3224.0000 4063
3226.0000 4185
3228.0000 4024
3230.0000 3898
3232.0000 3956
3234.0000 4117
3236.0000 4102
3238.0000 4199
3240.0000 4174
3242.0000 4260
3244.0000 4434
3246.0000 4389
3248.0000 4158
3250.0000 4156
3252.0000 4176
3254.0000 4251
3256.0000 4355
3258.0000 4261
3260.0000 4322
3262.0000 4386
3264.0000 4457
3266.0000 4417
3268.0000 4332
3270.0000 4254
3272.0000 4299
3274.0000 4016
3276.0000 4210
3278.0000 4205
3280.0000 4203
3282.0000 4467
3284.0000 4172
3286.0000 4290
3288.0000 4436
3290.0000 4196
3292.0000 4191
3294.0000 4296
3296.0000 4433
3298.0000 4418
3300.0000 4120
3302.0000 4055
3304.0000 4170
3306.0000 4317
3308.0000 4359
3310.0000 4447
3312.0000 4253
3314.0000 4357
3316.0000 4352
3318.0000 4278
3320.0000 4182
3322.0000 4311
3324.0000 4414
3326.0000 4394
3328.0000 4551
3330.0000 4448
3332.0000 4332
3334.0000 4240
3336.0000 4295
3338.0000 4567
3340.0000 4339
3342.0000 4395
3344.0000 4536
3346.0000 4557
3348.0000 4365
3350.0000 4445
3352.0000 4149
3354.0000 0
3356.0000 0
3358.0000 728
3360.0000 18
3362.0000 0
3364.0000 2
3366.0000 2
3368.0000 0
3370.0000 0
3372.0000 1
3374.0000 4
3376.0000 1
3378.0000 2
3380.0000 2
3382.0000 2
3384.0000 1
3386.0000 1
3388.0000 1
3390.0000 3
3392.0000 1
3394.0000 0
3396.0000 1
3398.0000 4
