0.0000 0
0.5000 0
1.0000 0
1.5000 0
2.0000 0
2.5000 0
3.0000 0
3.5000 0
4.0000 0
4.5000 0
5.0000 0
5.5000 0
6.0000 0
6.5000 0
7.0000 0
7.5000 0
8.0000 0
8.5000 0
9.0000 0
9.5000 1
10.0000 0
10.5000 2
11.0000 0
11.5000 0
12.0000 0
12.5000 2
13.0000 0
13.5000 1
14.0000 1
14.5000 0
15.0000 0
15.5000 0
16.0000 0
16.5000 0
17.0000 0
17.5000 0
18.0000 0
18.5000 0
19.0000 0
19.5000 0
20.0000 0
20.5000 0
21.0000 0
21.5000 0
22.0000 0
22.5000 0
23.0000 0
23.5000 0
24.0000 0
24.5000 0
25.0000 0
25.5000 0
26.0000 0
26.5000 0
27.0000 0
27.5000 0
28.0000 1
28.5000 0
29.0000 1
29.5000 0
30.0000 1
30.5000 0
31.0000 2
31.5000 0
32.0000 0
32.5000 0
33.0000 1
33.5000 0
34.0000 0
34.5000 0
35.0000 0
35.5000 0
36.0000 0
36.5000 0
37.0000 0
37.5000 0
38.0000 0
38.5000 1
39.0000 0
39.5000 0
40.0000 1
40.5000 0
41.0000 1
41.5000 0
42.0000 0
42.5000 0
43.0000 0
43.5000 0
44.0000 0
44.5000 0
45.0000 0
45.5000 0
46.0000 0
46.5000 0
47.0000 0
47.5000 0
48.0000 0
48.5000 0
49.0000 1
49.5000 0
50.0000 0
50.5000 1
51.0000 0
51.5000 0
52.0000 0
52.5000 0
53.0000 0
53.5000 0
54.0000 0
54.5000 0
55.0000 0
55.5000 0
56.0000 0
56.5000 0
57.0000 0
57.5000 0
58.0000 1
58.5000 0
59.0000 0
59.5000 2
60.0000 0
60.5000 0
61.0000 0
61.5000 2
62.0000 1
62.5000 1
63.0000 1
63.5000 2
64.0000 2
64.5000 2
65.0000 2
65.5000 3
66.0000 3
66.5000 0
67.0000 3
67.5000 4
68.0000 5
68.5000 6
69.0000 4
69.5000 10
70.0000 3
70.5000 8
71.0000 7
71.5000 12
72.0000 15
72.5000 18
73.0000 23
73.5000 19
74.0000 26
74.5000 23
75.0000 31
75.5000 22
76.0000 33
76.5000 29
77.0000 27
77.5000 41
78.0000 32
78.5000 38
79.0000 45
79.5000 45
80.0000 59
80.5000 60
81.0000 57
81.5000 61
82.0000 61
82.5000 48
83.0000 62
83.5000 75
84.0000 58
84.5000 85
85.0000 80
85.5000 85
86.0000 85
86.5000 91
87.0000 80
87.5000 85
88.0000 95
88.5000 98
89.0000 114
89.5000 101
90.0000 94
90.5000 99
91.0000 111
91.5000 104
92.0000 117
92.5000 109
93.0000 98
93.5000 104
94.0000 128
94.5000 122
95.0000 116
95.5000 120
96.0000 126
96.5000 104
97.0000 115
97.5000 126
98.0000 123
98.5000 128
99.0000 134
99.5000 125
100.0000 126
100.5000 128
101.0000 129
101.5000 120
102.0000 133
102.5000 141
103.0000 132
103.5000 128
104.0000 129
104.5000 113
105.0000 122
105.5000 137
106.0000 136
106.5000 140
107.0000 104
107.5000 114
108.0000 139
108.5000 123
109.0000 157
109.5000 143
110.0000 121
110.5000 155
111.0000 114
111.5000 156
112.0000 113
112.5000 126
113.0000 123
113.5000 121
114.0000 143
114.5000 135
115.0000 139
115.5000 125
116.0000 121
116.5000 124
117.0000 123
117.5000 114
118.0000 113
118.5000 117
119.0000 131
119.5000 136
120.0000 123
120.5000 124
121.0000 127
121.5000 124
122.0000 130
122.5000 126
123.0000 134
123.5000 128
124.0000 128
124.5000 134
125.0000 134
125.5000 114
126.0000 131
126.5000 110
127.0000 130
127.5000 132
128.0000 125
128.5000 145
129.0000 120
129.5000 116
130.0000 140
130.5000 111
131.0000 129
131.5000 113
132.0000 124
132.5000 123
133.0000 133
133.5000 151
134.0000 130
134.5000 150
135.0000 141
135.5000 152
136.0000 130
136.5000 120
137.0000 156
137.5000 119
138.0000 116
138.5000 141
139.0000 129
139.5000 115
140.0000 107
140.5000 124
141.0000 135
141.5000 127
142.0000 127
142.5000 104
143.0000 122
143.5000 121
144.0000 135
144.5000 133
145.0000 129
145.5000 127
146.0000 162
146.5000 114
147.0000 106
147.5000 141
148.0000 134
148.5000 107
149.0000 112
149.5000 124
150.0000 130
150.5000 128
151.0000 124
151.5000 126
152.0000 131
152.5000 137
153.0000 127
153.5000 111
154.0000 134
154.5000 114
155.0000 136
155.5000 137
156.0000 144
156.5000 133
157.0000 100
157.5000 112
158.0000 135
158.5000 123
159.0000 134
159.5000 107
160.0000 124
160.5000 130
161.0000 146
161.5000 117
162.0000 136
162.5000 115
163.0000 103
163.5000 125
164.0000 119
164.5000 112
165.0000 113
165.5000 112
166.0000 126
166.5000 122
167.0000 117
167.5000 133
168.0000 122
168.5000 120
169.0000 129
169.5000 138
170.0000 119
170.5000 119
171.0000 126
171.5000 123
172.0000 115
172.5000 128
173.0000 119
173.5000 127
174.0000 126
174.5000 107
175.0000 148
175.5000 132
176.0000 114
176.5000 108
177.0000 128
177.5000 114
178.0000 109
178.5000 125
179.0000 103
179.5000 129
180.0000 120
180.5000 128
181.0000 131
181.5000 138
182.0000 127
182.5000 129
183.0000 110
183.5000 119
184.0000 105
184.5000 133
185.0000 100
185.5000 145
186.0000 119
186.5000 118
187.0000 136
187.5000 113
188.0000 135
188.5000 96
189.0000 124
189.5000 131
190.0000 136
190.5000 124
191.0000 127
191.5000 130
192.0000 129
192.5000 122
193.0000 127
193.5000 128
194.0000 138
194.5000 130
195.0000 118
195.5000 131
196.0000 138
196.5000 120
197.0000 140
197.5000 132
198.0000 138
198.5000 120
199.0000 114
199.5000 113
