0.0000 0
1.0000 1
2.0000 1
3.0000 1
4.0000 0
5.0000 0
6.0000 0
7.0000 0
8.0000 1
9.0000 0
10.0000 0
11.0000 0
12.0000 1
13.0000 1
14.0000 1
15.0000 1
16.0000 0
17.0000 0
18.0000 0
19.0000 0
20.0000 0
21.0000 0
22.0000 0
23.0000 0
24.0000 1
25.0000 0
26.0000 0
27.0000 1
28.0000 0
29.0000 0
30.0000 0
31.0000 2
32.0000 1
33.0000 0
34.0000 0
35.0000 0
36.0000 0
37.0000 1
38.0000 0
39.0000 0
40.0000 1
41.0000 0
42.0000 1
43.0000 0
44.0000 2
45.0000 1
46.0000 0
47.0000 1
48.0000 0
49.0000 0
50.0000 1
51.0000 0
52.0000 1
53.0000 1
54.0000 1
55.0000 0
56.0000 1
57.0000 1
58.0000 0
59.0000 0
60.0000 0
61.0000 1
62.0000 0
63.0000 1
64.0000 1
65.0000 0
66.0000 1
67.0000 0
68.0000 0
69.0000 1
70.0000 0
71.0000 0
72.0000 0
73.0000 1
74.0000 0
75.0000 1
76.0000 1
77.0000 0
78.0000 0
79.0000 0
80.0000 1
81.0000 0
82.0000 0
83.0000 1
84.0000 1
85.0000 0
86.0000 1
87.0000 0
88.0000 0
89.0000 0
90.0000 1
91.0000 2
92.0000 2
93.0000 0
94.0000 1
95.0000 0
96.0000 1
97.0000 2
98.0000 0
99.0000 1
100.0000 0
101.0000 2
102.0000 0
103.0000 0
104.0000 1
105.0000 1
106.0000 2
107.0000 1
108.0000 1
109.0000 2
110.0000 1
111.0000 0
112.0000 1
113.0000 3
114.0000 1
115.0000 2
116.0000 5
117.0000 2
118.0000 0
119.0000 3
120.0000 1
121.0000 5
122.0000 4
123.0000 2
124.0000 2
125.0000 3
126.0000 1
127.0000 5
128.0000 1
129.0000 5
130.0000 6
131.0000 4
132.0000 4
133.0000 11
134.0000 10
135.0000 5
136.0000 5
137.0000 9
138.0000 13
139.0000 12
140.0000 12
141.0000 10
142.0000 11
143.0000 7
144.0000 20
145.0000 15
146.0000 16
147.0000 16
148.0000 19
149.0000 16
150.0000 19
151.0000 17
152.0000 18
153.0000 17
154.0000 21
155.0000 23
156.0000 25
157.0000 20
158.0000 24
159.0000 22
160.0000 35
161.0000 30
162.0000 40
163.0000 40
164.0000 31
165.0000 30
166.0000 36
167.0000 37
168.0000 41
169.0000 47
170.0000 43
171.0000 34
172.0000 49
173.0000 49
174.0000 47
175.0000 47
176.0000 56
177.0000 80
178.0000 50
179.0000 53
180.0000 68
181.0000 56
182.0000 75
183.0000 64
184.0000 78
185.0000 74
186.0000 67
187.0000 77
188.0000 77
189.0000 73
190.0000 80
191.0000 96
192.0000 79
193.0000 73
194.0000 91
195.0000 97
196.0000 84
197.0000 93
198.0000 100
199.0000 102
200.0000 103
201.0000 118
202.0000 107
203.0000 99
204.0000 126
205.0000 120
206.0000 116
207.0000 113
208.0000 128
209.0000 125
210.0000 122
211.0000 119
212.0000 120
213.0000 130
214.0000 139
215.0000 129
216.0000 133
217.0000 148
218.0000 138
219.0000 150
220.0000 132
221.0000 163
222.0000 138
223.0000 161
224.0000 168
225.0000 164
226.0000 158
227.0000 165
228.0000 148
229.0000 166
230.0000 159
231.0000 177
232.0000 185
233.0000 201
234.0000 191
235.0000 161
236.0000 163
237.0000 180
238.0000 194
239.0000 204
240.0000 212
241.0000 177
242.0000 191
243.0000 185
244.0000 179
245.0000 208
246.0000 204
247.0000 211
248.0000 236
249.0000 207
250.0000 219
251.0000 199
252.0000 225
253.0000 191
254.0000 229
255.0000 204
256.0000 240
257.0000 244
258.0000 250
259.0000 235
260.0000 240
261.0000 223
262.0000 213
263.0000 234
264.0000 241
265.0000 260
266.0000 253
267.0000 264
268.0000 275
269.0000 227
270.0000 266
271.0000 247
272.0000 242
273.0000 260
274.0000 237
275.0000 246
276.0000 259
277.0000 284
278.0000 240
279.0000 269
280.0000 275
281.0000 236
282.0000 266
283.0000 272
284.0000 270
285.0000 253
286.0000 255
287.0000 282
288.0000 271
289.0000 296
290.0000 278
291.0000 281
292.0000 279
293.0000 275
294.0000 307
295.0000 281
296.0000 263
297.0000 289
298.0000 236
299.0000 300
300.0000 287
301.0000 282
302.0000 291
303.0000 266
304.0000 291
305.0000 293
306.0000 296
307.0000 276
308.0000 311
309.0000 259
310.0000 313
311.0000 272
312.0000 296
313.0000 255
314.0000 308
315.0000 288
316.0000 292
317.0000 296
318.0000 297
319.0000 314
320.0000 304
321.0000 274
322.0000 301
323.0000 301
324.0000 290
325.0000 285
326.0000 273
327.0000 291
328.0000 299
329.0000 294
330.0000 299
331.0000 310
332.0000 330
333.0000 307
334.0000 302
335.0000 310
336.0000 303
337.0000 284
338.0000 277
339.0000 289
340.0000 281
341.0000 309
342.0000 307
343.0000 288
344.0000 296
345.0000 312
346.0000 313
347.0000 313
348.0000 317
349.0000 319
350.0000 299
351.0000 281
352.0000 273
353.0000 287
354.0000 299
355.0000 299
356.0000 316
357.0000 318
358.0000 325
359.0000 290
360.0000 303
361.0000 291
362.0000 265
363.0000 264
364.0000 264
365.0000 310
366.0000 303
367.0000 292
368.0000 311
369.0000 289
370.0000 295
371.0000 298
372.0000 306
373.0000 292
374.0000 290
375.0000 296
376.0000 315
377.0000 323
378.0000 292
379.0000 293
380.0000 305
381.0000 294
382.0000 290
383.0000 308
384.0000 313
385.0000 287
386.0000 281
387.0000 305
388.0000 273
389.0000 299
390.0000 304
391.0000 302
392.0000 279
393.0000 303
394.0000 293
395.0000 292
396.0000 283
397.0000 278
398.0000 306
399.0000 327
