0.0000 0
0.5000 0
1.0000 0
1.5000 0
2.0000 0
2.5000 0
3.0000 0
3.5000 0
4.0000 1
4.5000 0
5.0000 1
5.5000 0
6.0000 0
6.5000 0
7.0000 0
7.5000 0
8.0000 0
8.5000 0
9.0000 0
9.5000 0
10.0000 0
10.5000 1
11.0000 0
11.5000 0
12.0000 0
12.5000 0
13.0000 0
13.5000 0
14.0000 0
14.5000 0
15.0000 0
15.5000 0
16.0000 0
16.5000 0
17.0000 0
17.5000 0
18.0000 0
18.5000 0
19.0000 1
19.5000 1
20.0000 0
20.5000 0
21.0000 0
21.5000 0
22.0000 0
22.5000 0
23.0000 0
23.5000 1
24.0000 0
24.5000 0
25.0000 0
25.5000 0
26.0000 0
26.5000 0
27.0000 0
27.5000 0
28.0000 0
28.5000 0
29.0000 0
29.5000 0
30.0000 0
30.5000 0
31.0000 0
31.5000 0
32.0000 0
32.5000 0
33.0000 1
33.5000 0
34.0000 0
34.5000 1
35.0000 0
35.5000 0
36.0000 0
36.5000 0
37.0000 0
37.5000 0
38.0000 0
38.5000 0
39.0000 0
39.5000 0
40.0000 0
40.5000 0
41.0000 0
41.5000 0
42.0000 0
42.5000 0
43.0000 0
43.5000 1
44.0000 0
44.5000 0
45.0000 0
45.5000 1
46.0000 0
46.5000 0
47.0000 0
47.5000 1
48.0000 0
48.5000 1
49.0000 0
49.5000 0
50.0000 2
50.5000 0
51.0000 0
51.5000 1
52.0000 0
52.5000 1
53.0000 0
53.5000 0
54.0000 0
54.5000 0
55.0000 0
55.5000 0
56.0000 0
56.5000 0
57.0000 0
57.5000 0
58.0000 0
58.5000 0
59.0000 0
59.5000 1
60.0000 3
60.5000 0
61.0000 1
61.5000 0
62.0000 3
62.5000 3
63.0000 1
63.5000 1
64.0000 2
64.5000 4
65.0000 3
65.5000 3
66.0000 5
66.5000 2
67.0000 3
67.5000 9
68.0000 6
68.5000 4
69.0000 7
69.5000 9
70.0000 17
70.5000 20
71.0000 17
71.5000 24
72.0000 24
72.5000 33
73.0000 41
73.5000 31
74.0000 39
74.5000 49
75.0000 38
75.5000 60
76.0000 48
76.5000 77
77.0000 73
77.5000 72
78.0000 90
78.5000 99
79.0000 87
79.5000 129
80.0000 96
80.5000 121
81.0000 120
81.5000 100
82.0000 136
82.5000 138
83.0000 160
83.5000 144
84.0000 173
84.5000 165
85.0000 159
85.5000 198
86.0000 192
86.5000 179
87.0000 180
87.5000 204
88.0000 201
88.5000 237
89.0000 215
89.5000 204
90.0000 224
90.5000 222
91.0000 280
91.5000 255
92.0000 239
92.5000 254
93.0000 272
93.5000 266
94.0000 253
94.5000 253
95.0000 271
95.5000 276
96.0000 265
96.5000 279
97.0000 307
97.5000 278
98.0000 295
98.5000 289
99.0000 315
99.5000 320
100.0000 331
100.5000 306
101.0000 321
101.5000 331
102.0000 311
102.5000 309
103.0000 323
103.5000 327
104.0000 341
104.5000 321
105.0000 316
105.5000 334
106.0000 291
106.5000 302
107.0000 310
107.5000 320
108.0000 317
108.5000 324
109.0000 303
109.5000 335
110.0000 321
110.5000 330
111.0000 303
111.5000 322
112.0000 319
112.5000 329
113.0000 293
113.5000 327
114.0000 340
114.5000 328
115.0000 292
115.5000 263
116.0000 317
116.5000 307
117.0000 291
117.5000 316
118.0000 276
118.5000 322
119.0000 299
119.5000 328
120.0000 332
120.5000 339
121.0000 316
121.5000 343
122.0000 319
122.5000 336
123.0000 310
123.5000 305
124.0000 315
124.5000 300
125.0000 308
125.5000 277
126.0000 340
126.5000 310
127.0000 298
127.5000 337
128.0000 322
128.5000 335
129.0000 316
129.5000 297
130.0000 313
130.5000 322
131.0000 308
131.5000 321
132.0000 302
132.5000 279
133.0000 298
133.5000 336
134.0000 303
134.5000 313
135.0000 306
135.5000 306
136.0000 276
136.5000 293
137.0000 340
137.5000 287
138.0000 313
138.5000 289
139.0000 302
139.5000 300
140.0000 326
140.5000 321
141.0000 329
141.5000 308
142.0000 317
142.5000 294
143.0000 320
143.5000 289
144.0000 283
144.5000 323
145.0000 291
145.5000 322
146.0000 306
146.5000 320
147.0000 290
147.5000 314
148.0000 298
148.5000 334
149.0000 309
149.5000 298
150.0000 300
150.5000 309
151.0000 321
151.5000 291
152.0000 266
152.5000 302
153.0000 284
153.5000 317
154.0000 324
154.5000 301
155.0000 311
155.5000 276
156.0000 312
156.5000 295
157.0000 313
157.5000 314
158.0000 302
158.5000 261
159.0000 303
159.5000 298
160.0000 335
160.5000 300
161.0000 311
161.5000 305
162.0000 288
162.5000 304
163.0000 284
163.5000 293
164.0000 298
164.5000 287
165.0000 299
165.5000 264
166.0000 288
166.5000 324
167.0000 294
167.5000 328
168.0000 305
168.5000 297
169.0000 329
169.5000 291
170.0000 321
170.5000 302
171.0000 293
171.5000 323
172.0000 324
172.5000 298
173.0000 283
173.5000 266
174.0000 270
174.5000 265
175.0000 340
175.5000 276
176.0000 303
176.5000 323
177.0000 312
177.5000 281
178.0000 287
178.5000 299
179.0000 304
179.5000 303
180.0000 267
180.5000 283
181.0000 313
181.5000 293
182.0000 303
182.5000 305
183.0000 316
183.5000 301
184.0000 282
184.5000 293
185.0000 328
185.5000 285
186.0000 306
186.5000 325
187.0000 303
187.5000 294
188.0000 275
188.5000 297
189.0000 262
189.5000 310
190.0000 287
190.5000 293
191.0000 299
191.5000 321
192.0000 289
192.5000 256
193.0000 338
193.5000 314
194.0000 301
194.5000 283
195.0000 277
195.5000 290
196.0000 290
196.5000 284
197.0000 268
197.5000 286
198.0000 316
198.5000 285
199.0000 283
199.5000 299
