0.0000 0
0.5000 0
1.0000 0
1.5000 0
2.0000 1
2.5000 1
3.0000 0
3.5000 0
4.0000 0
4.5000 0
5.0000 0
5.5000 0
6.0000 0
6.5000 0
7.0000 0
7.5000 0
8.0000 1
8.5000 0
9.0000 0
9.5000 0
10.0000 0
10.5000 0
11.0000 0
11.5000 0
12.0000 1
12.5000 0
13.0000 0
13.5000 0
14.0000 1
14.5000 0
15.0000 0
15.5000 0
16.0000 1
16.5000 0
17.0000 1
17.5000 0
18.0000 2
18.5000 0
19.0000 0
19.5000 0
20.0000 0
20.5000 0
21.0000 0
21.5000 0
22.0000 0
22.5000 0
23.0000 0
23.5000 0
24.0000 0
24.5000 0
25.0000 1
25.5000 0
26.0000 0
26.5000 0
27.0000 1
27.5000 1
28.0000 0
28.5000 0
29.0000 0
29.5000 0
30.0000 0
30.5000 0
31.0000 0
31.5000 0
32.0000 0
32.5000 0
33.0000 0
33.5000 0
34.0000 0
34.5000 0
35.0000 0
35.5000 0
36.0000 0
36.5000 0
37.0000 0
37.5000 0
38.0000 0
38.5000 0
39.0000 0
39.5000 0
40.0000 0
40.5000 0
41.0000 0
41.5000 0
42.0000 0
42.5000 0
43.0000 0
43.5000 0
44.0000 0
44.5000 1
45.0000 0
45.5000 0
46.0000 0
46.5000 0
47.0000 0
47.5000 0
48.0000 0
48.5000 0
49.0000 0
49.5000 0
50.0000 0
50.5000 0
51.0000 0
51.5000 0
52.0000 0
52.5000 0
53.0000 0
53.5000 0
54.0000 0
54.5000 0
55.0000 1
55.5000 0
56.0000 0
56.5000 0
57.0000 0
57.5000 1
58.0000 0
58.5000 1
59.0000 2
59.5000 1
60.0000 3
60.5000 1
61.0000 2
61.5000 1
62.0000 1
62.5000 1
63.0000 0
63.5000 3
64.0000 1
64.5000 6
65.0000 8
65.5000 7
66.0000 9
66.5000 6
67.0000 9
67.5000 12
68.0000 10
68.5000 16
69.0000 16
69.5000 23
70.0000 22
70.5000 29
71.0000 37
71.5000 36
72.0000 49
72.5000 51
73.0000 59
73.5000 62
74.0000 66
74.5000 74
75.0000 81
75.5000 84
76.0000 94
76.5000 102
77.0000 104
77.5000 115
78.0000 127
78.5000 145
79.0000 171
79.5000 156
80.0000 155
80.5000 184
81.0000 191
81.5000 195
82.0000 201
82.5000 220
83.0000 236
83.5000 257
84.0000 257
84.5000 244
85.0000 258
85.5000 300
86.0000 287
86.5000 302
87.0000 292
87.5000 283
88.0000 324
88.5000 312
89.0000 319
89.5000 333
90.0000 365
90.5000 323
91.0000 367
91.5000 395
92.0000 350
92.5000 414
93.0000 396
93.5000 403
94.0000 412
94.5000 413
95.0000 392
95.5000 428
96.0000 440
96.5000 412
97.0000 407
97.5000 448
98.0000 470
98.5000 446
99.0000 442
99.5000 463
100.0000 482
100.5000 468
101.0000 469
101.5000 508
102.0000 464
102.5000 442
103.0000 493
103.5000 489
104.0000 446
104.5000 451
105.0000 445
105.5000 497
106.0000 472
106.5000 460
107.0000 493
107.5000 481
108.0000 441
108.5000 479
109.0000 480
109.5000 480
110.0000 482
110.5000 453
111.0000 462
111.5000 430
112.0000 454
112.5000 468
113.0000 449
113.5000 454
114.0000 457
114.5000 437
115.0000 483
115.5000 432
116.0000 461
116.5000 446
117.0000 468
117.5000 424
118.0000 436
118.5000 443
119.0000 487
119.5000 421
120.0000 471
120.5000 468
121.0000 446
121.5000 463
122.0000 456
122.5000 507
123.0000 464
123.5000 417
124.0000 449
124.5000 449
125.0000 467
125.5000 491
126.0000 413
126.5000 454
127.0000 467
127.5000 449
128.0000 492
128.5000 452
129.0000 462
129.5000 432
130.0000 450
130.5000 435
131.0000 440
131.5000 478
132.0000 462
132.5000 428
133.0000 434
133.5000 401
134.0000 482
134.5000 459
135.0000 437
135.5000 424
136.0000 459
136.5000 431
137.0000 434
137.5000 421
138.0000 458
138.5000 463
139.0000 433
139.5000 463
140.0000 445
140.5000 460
141.0000 478
141.5000 435
142.0000 446
142.5000 440
143.0000 463
143.5000 463
144.0000 449
144.5000 442
145.0000 453
145.5000 411
146.0000 467
146.5000 483
147.0000 444
147.5000 446
148.0000 444
148.5000 414
149.0000 455
149.5000 435
150.0000 441
150.5000 446
151.0000 448
151.5000 439
152.0000 428
152.5000 424
153.0000 401
153.5000 472
154.0000 414
154.5000 413
155.0000 422
155.5000 452
156.0000 439
156.5000 468
157.0000 444
157.5000 425
158.0000 403
158.5000 412
159.0000 467
159.5000 485
160.0000 387
160.5000 426
161.0000 512
161.5000 427
162.0000 469
162.5000 433
163.0000 448
163.5000 420
164.0000 447
164.5000 448
165.0000 441
165.5000 430
166.0000 428
166.5000 433
167.0000 443
167.5000 417
168.0000 401
168.5000 437
169.0000 457
169.5000 450
170.0000 443
170.5000 461
171.0000 436
171.5000 410
172.0000 437
172.5000 424
173.0000 470
173.5000 408
174.0000 436
174.5000 442
175.0000 420
175.5000 414
176.0000 402
176.5000 442
177.0000 446
177.5000 442
178.0000 429
178.5000 413
179.0000 408
179.5000 417
180.0000 399
180.5000 459
181.0000 436
181.5000 417
182.0000 432
182.5000 426
183.0000 431
183.5000 413
184.0000 444
184.5000 443
185.0000 438
185.5000 436
186.0000 422
186.5000 438
187.0000 442
187.5000 474
188.0000 444
188.5000 441
189.0000 429
189.5000 419
190.0000 389
190.5000 453
191.0000 462
191.5000 409
192.0000 423
192.5000 417
193.0000 427
193.5000 430
194.0000 437
194.5000 423
195.0000 427
195.5000 439
196.0000 428
196.5000 463
197.0000 425
197.5000 463
198.0000 419
198.5000 465
199.0000 410
199.5000 431
