0.0000 0
1.0000 1
2.0000 0
3.0000 1
4.0000 0
5.0000 0
6.0000 1
7.0000 1
8.0000 0
9.0000 0
10.0000 0
11.0000 0
12.0000 0
13.0000 1
14.0000 1
15.0000 1
16.0000 0
17.0000 0
18.0000 0
19.0000 0
20.0000 0
21.0000 1
22.0000 0
23.0000 0
24.0000 0
25.0000 0
26.0000 0
27.0000 1
28.0000 1
29.0000 1
30.0000 0
31.0000 0
32.0000 0
33.0000 1
34.0000 0
35.0000 0
36.0000 2
37.0000 1
38.0000 0
39.0000 0
40.0000 0
41.0000 3
42.0000 0
43.0000 0
44.0000 0
45.0000 0
46.0000 1
47.0000 0
48.0000 1
49.0000 1
50.0000 1
51.0000 0
52.0000 1
53.0000 0
54.0000 0
55.0000 1
56.0000 1
57.0000 1
58.0000 0
59.0000 2
60.0000 2
61.0000 2
62.0000 1
63.0000 0
64.0000 0
65.0000 0
66.0000 0
67.0000 1
68.0000 1
69.0000 0
70.0000 0
71.0000 0
72.0000 2
73.0000 2
74.0000 1
75.0000 2
76.0000 1
77.0000 1
78.0000 0
79.0000 3
80.0000 0
81.0000 2
82.0000 1
83.0000 2
84.0000 1
85.0000 0
86.0000 4
87.0000 4
88.0000 1
89.0000 2
90.0000 1
91.0000 3
92.0000 3
93.0000 0
94.0000 6
95.0000 1
96.0000 3
97.0000 0
98.0000 3
99.0000 2
100.0000 4
101.0000 4
102.0000 6
103.0000 2
104.0000 5
105.0000 3
106.0000 5
107.0000 4
108.0000 4
109.0000 6
110.0000 6
111.0000 6
112.0000 8
113.0000 6
114.0000 10
115.0000 10
116.0000 6
117.0000 6
118.0000 11
119.0000 14
120.0000 8
121.0000 15
122.0000 10
123.0000 6
124.0000 16
125.0000 12
126.0000 15
127.0000 6
128.0000 14
129.0000 19
130.0000 18
131.0000 36
132.0000 19
133.0000 23
134.0000 27
135.0000 20
136.0000 32
137.0000 27
138.0000 28
139.0000 45
140.0000 41
141.0000 48
142.0000 40
143.0000 49
144.0000 50
145.0000 55
146.0000 69
147.0000 59
148.0000 82
149.0000 65
150.0000 81
151.0000 82
152.0000 82
153.0000 85
154.0000 82
155.0000 94
156.0000 124
157.0000 102
158.0000 111
159.0000 113
160.0000 140
161.0000 130
162.0000 129
163.0000 143
164.0000 163
165.0000 149
166.0000 142
167.0000 164
168.0000 186
169.0000 197
170.0000 198
171.0000 206
172.0000 217
173.0000 212
174.0000 209
175.0000 221
176.0000 232
177.0000 250
178.0000 236
179.0000 253
180.0000 279
181.0000 281
182.0000 292
183.0000 279
184.0000 341
185.0000 322
186.0000 342
187.0000 358
188.0000 327
189.0000 363
190.0000 320
191.0000 376
192.0000 345
193.0000 366
194.0000 353
195.0000 382
196.0000 413
197.0000 436
198.0000 394
199.0000 404
200.0000 477
201.0000 422
202.0000 442
203.0000 460
204.0000 471
205.0000 493
206.0000 474
207.0000 497
208.0000 496
209.0000 486
210.0000 545
211.0000 543
212.0000 528
213.0000 505
214.0000 529
215.0000 520
216.0000 526
217.0000 608
218.0000 582
219.0000 579
220.0000 598
221.0000 656
222.0000 590
223.0000 629
224.0000 617
225.0000 604
226.0000 622
227.0000 644
228.0000 645
229.0000 609
230.0000 666
231.0000 643
232.0000 697
233.0000 702
234.0000 693
235.0000 686
236.0000 710
237.0000 772
238.0000 729
239.0000 720
240.0000 746
241.0000 712
242.0000 767
243.0000 778
244.0000 724
245.0000 738
246.0000 806
247.0000 796
248.0000 773
249.0000 803
250.0000 748
251.0000 826
252.0000 774
253.0000 810
254.0000 849
255.0000 779
256.0000 819
257.0000 852
258.0000 820
259.0000 826
260.0000 798
261.0000 860
262.0000 867
263.0000 793
264.0000 923
265.0000 879
266.0000 886
267.0000 876
268.0000 895
269.0000 893
270.0000 862
271.0000 937
272.0000 976
273.0000 938
274.0000 979
275.0000 907
276.0000 960
277.0000 939
278.0000 892
279.0000 1019
280.0000 1014
281.0000 889
282.0000 954
283.0000 925
284.0000 919
285.0000 935
286.0000 996
287.0000 950
288.0000 985
289.0000 916
290.0000 1014
291.0000 974
292.0000 1021
293.0000 1012
294.0000 960
295.0000 985
296.0000 930
297.0000 975
298.0000 962
299.0000 1018
300.0000 980
301.0000 1040
302.0000 992
303.0000 978
304.0000 982
305.0000 972
306.0000 1031
307.0000 1022
308.0000 960
309.0000 990
310.0000 1073
311.0000 979
312.0000 1027
313.0000 988
314.0000 956
315.0000 986
316.0000 1024
317.0000 993
318.0000 992
319.0000 1022
320.0000 1071
321.0000 989
322.0000 1017
323.0000 1058
324.0000 1027
325.0000 1007
326.0000 987
327.0000 1052
328.0000 982
329.0000 968
330.0000 989
331.0000 927
332.0000 956
333.0000 977
334.0000 1016
335.0000 928
336.0000 1002
337.0000 954
338.0000 1017
339.0000 1041
340.0000 1047
341.0000 973
342.0000 985
343.0000 1027
344.0000 988
345.0000 1031
346.0000 981
347.0000 991
348.0000 1025
349.0000 940
350.0000 967
351.0000 984
352.0000 1031
353.0000 922
354.0000 984
355.0000 1003
356.0000 997
357.0000 990
358.0000 975
359.0000 960
360.0000 977
361.0000 984
362.0000 982
363.0000 1022
364.0000 950
365.0000 927
366.0000 1025
367.0000 978
368.0000 1012
369.0000 974
370.0000 986
371.0000 1032
372.0000 967
373.0000 954
374.0000 964
375.0000 1028
376.0000 1007
377.0000 986
378.0000 1014
379.0000 1007
380.0000 1011
381.0000 990
382.0000 930
383.0000 984
384.0000 965
385.0000 996
386.0000 1035
387.0000 970
388.0000 989
389.0000 981
390.0000 1023
391.0000 1015
392.0000 983
393.0000 971
394.0000 964
395.0000 975
396.0000 976
397.0000 997
398.0000 994
399.0000 980
