0.0000 0
1.0000 0
2.0000 0
3.0000 0
4.0000 1
5.0000 0
6.0000 0
7.0000 1
8.0000 0
9.0000 1
10.0000 1
11.0000 0
12.0000 2
13.0000 0
14.0000 0
15.0000 0
16.0000 1
17.0000 0
18.0000 0
19.0000 1
20.0000 0
21.0000 0
22.0000 1
23.0000 0
24.0000 1
25.0000 2
26.0000 1
27.0000 0
28.0000 0
29.0000 2
30.0000 1
31.0000 0
32.0000 2
33.0000 1
34.0000 1
35.0000 0
36.0000 0
37.0000 1
38.0000 0
39.0000 2
40.0000 2
41.0000 0
42.0000 1
43.0000 1
44.0000 0
45.0000 2
46.0000 0
47.0000 1
48.0000 0
49.0000 1
50.0000 0
51.0000 2
52.0000 0
53.0000 1
54.0000 0
55.0000 0
56.0000 1
57.0000 1
58.0000 0
59.0000 2
60.0000 1
61.0000 0
62.0000 3
63.0000 1
64.0000 0
65.0000 2
66.0000 2
67.0000 1
68.0000 1
69.0000 1
70.0000 3
71.0000 1
72.0000 1
73.0000 1
74.0000 2
75.0000 1
76.0000 2
77.0000 4
78.0000 5
79.0000 4
80.0000 2
81.0000 4
82.0000 6
83.0000 2
84.0000 6
85.0000 6
86.0000 5
87.0000 7
88.0000 8
89.0000 9
90.0000 10
91.0000 8
92.0000 9
93.0000 14
94.0000 12
95.0000 8
96.0000 15
97.0000 7
98.0000 8
99.0000 12
100.0000 13
101.0000 19
102.0000 27
103.0000 17
104.0000 23
105.0000 13
106.0000 20
107.0000 20
108.0000 25
109.0000 31
110.0000 30
111.0000 34
112.0000 44
113.0000 33
114.0000 37
115.0000 42
116.0000 45
117.0000 40
118.0000 55
119.0000 46
120.0000 39
121.0000 64
122.0000 73
123.0000 68
124.0000 70
125.0000 106
126.0000 71
127.0000 63
128.0000 94
129.0000 109
130.0000 112
131.0000 110
132.0000 103
133.0000 148
134.0000 134
135.0000 144
136.0000 152
137.0000 175
138.0000 165
139.0000 179
140.0000 206
141.0000 220
142.0000 220
143.0000 248
144.0000 267
145.0000 284
146.0000 317
147.0000 330
148.0000 329
149.0000 356
150.0000 384
151.0000 441
152.0000 436
153.0000 484
154.0000 500
155.0000 500
156.0000 561
157.0000 613
158.0000 627
159.0000 667
160.0000 751
161.0000 786
162.0000 742
163.0000 864
164.0000 878
165.0000 920
166.0000 941
167.0000 1081
168.0000 1063
169.0000 1164
170.0000 1178
171.0000 1272
172.0000 1314
173.0000 1349
174.0000 1533
175.0000 1541
176.0000 1632
177.0000 1726
178.0000 1797
179.0000 1843
180.0000 1945
181.0000 1982
182.0000 2109
183.0000 2048
184.0000 2197
185.0000 2295
186.0000 2362
187.0000 2488
188.0000 2510
189.0000 2658
190.0000 2619
191.0000 2712
192.0000 2918
193.0000 2882
194.0000 2985
195.0000 3146
196.0000 3168
197.0000 3327
198.0000 3274
199.0000 3462
200.0000 3545
201.0000 3569
202.0000 3590
203.0000 3909
204.0000 3918
205.0000 3917
206.0000 4056
207.0000 4027
208.0000 4234
209.0000 4349
210.0000 4431
211.0000 4483
212.0000 4605
213.0000 4626
214.0000 4671
215.0000 4818
216.0000 4783
217.0000 5007
218.0000 4887
219.0000 5177
220.0000 5113
221.0000 5209
222.0000 5206
223.0000 5462
224.0000 5521
225.0000 5391
226.0000 5629
227.0000 5507
228.0000 5735
229.0000 5900
230.0000 6005
231.0000 5993
232.0000 6068
233.0000 6100
234.0000 6193
235.0000 6271
236.0000 6247
237.0000 6455
238.0000 6431
239.0000 6546
240.0000 6635
241.0000 6549
242.0000 6567
243.0000 6865
244.0000 6870
245.0000 6854
246.0000 6990
247.0000 6915
248.0000 7210
249.0000 7078
250.0000 7152
251.0000 7144
252.0000 7234
253.0000 7355
254.0000 7467
255.0000 7682
256.0000 7681
257.0000 7477
258.0000 7627
259.0000 7613
260.0000 7716
261.0000 7852
262.0000 7750
263.0000 7880
264.0000 8073
265.0000 8098
266.0000 8090
267.0000 8086
268.0000 8064
269.0000 8309
270.0000 8119
271.0000 8298
272.0000 8173
273.0000 8252
274.0000 8333
275.0000 8278
276.0000 8542
277.0000 8351
278.0000 8558
279.0000 8607
280.0000 8620
281.0000 8603
282.0000 8690
283.0000 8601
284.0000 8641
285.0000 8905
286.0000 8846
287.0000 8928
288.0000 8861
289.0000 8968
290.0000 8926
291.0000 8880
292.0000 9046
293.0000 8973
294.0000 9088
295.0000 9234
296.0000 8891
297.0000 9091
298.0000 9047
299.0000 9147
300.0000 9128
301.0000 9101
302.0000 9125
303.0000 9032
304.0000 9182
305.0000 9234
306.0000 9204
307.0000 9283
308.0000 9158
309.0000 9229
310.0000 9174
311.0000 9076
312.0000 9079
313.0000 9307
314.0000 9223
315.0000 9265
316.0000 9276
317.0000 9300
318.0000 9095
319.0000 9230
320.0000 9291
321.0000 9128
322.0000 9203
323.0000 9170
324.0000 9217
325.0000 9172
326.0000 9201
327.0000 9166
328.0000 9184
329.0000 9040
330.0000 9141
331.0000 9159
332.0000 8917
333.0000 9235
334.0000 8961
335.0000 9018
336.0000 9140
337.0000 9081
338.0000 9049
339.0000 8992
340.0000 8981
341.0000 8936
342.0000 8934
343.0000 8858
344.0000 9031
345.0000 9026
346.0000 8808
347.0000 8907
348.0000 8740
349.0000 8929
350.0000 8923
351.0000 8910
352.0000 8862
353.0000 8733
354.0000 8778
355.0000 8737
356.0000 8657
357.0000 8782
358.0000 8730
359.0000 8845
360.0000 8830
361.0000 8774
362.0000 8791
363.0000 8789
364.0000 8667
365.0000 8767
366.0000 8685
367.0000 8741
368.0000 8765
369.0000 8528
370.0000 8680
371.0000 8674
372.0000 8554
373.0000 8677
374.0000 8620
375.0000 8584
376.0000 8725
377.0000 8746
378.0000 8609
379.0000 8620
380.0000 8591
381.0000 8565
382.0000 8481
383.0000 8560
384.0000 8568
385.0000 8580
386.0000 8576
387.0000 8431
388.0000 8523
389.0000 8532
390.0000 8379
391.0000 8376
392.0000 8533
393.0000 8478
394.0000 8356
395.0000 8345
396.0000 8490
397.0000 8534
398.0000 8323
399.0000 8344
