0.0000 3321
0.2500 3337
0.5000 3430
0.7500 3456
1.0000 3279
1.2500 3241
1.5000 3440
1.7500 3371
2.0000 3343
2.2500 3435
2.5000 3297
2.7500 3392
3.0000 3423
3.2500 3430
3.5000 3436
3.7500 3316
4.0000 3364
4.2500 3356
4.5000 3320
4.7500 3416
5.0000 3293
5.2500 3309
5.5000 3387
5.7500 3383
6.0000 3446
6.2500 3251
6.5000 3299
6.7500 3404
7.0000 3208
7.2500 3424
7.5000 3335
7.7500 3280
8.0000 3434
8.2500 3324
8.5000 3408
8.7500 3349
9.0000 3258
9.2500 3339
9.5000 3398
9.7500 3264
10.0000 3177
10.2500 3219
10.5000 3321
10.7500 3182
11.0000 3197
11.2500 3168
11.5000 3285
11.7500 3207
12.0000 3218
12.2500 3286
12.5000 3209
12.7500 3066
13.0000 2322
13.2500 963
13.5000 547
13.7500 80
14.0000 10
14.2500 2
14.5000 6
14.7500 2
15.0000 10
15.2500 0
15.5000 2
15.7500 4
16.0000 0
16.2500 2
16.5000 0
16.7500 0
17.0000 0
17.2500 0
17.5000 2
17.7500 2
18.0000 4
18.2500 0
18.5000 0
18.7500 0
19.0000 0
19.2500 4
19.5000 0
19.7500 0
20.0000 4
20.2500 0
20.5000 4
20.7500 2
21.0000 4
21.2500 0
21.5000 6
21.7500 2
22.0000 0
22.2500 0
22.5000 2
22.7500 4
23.0000 2
23.2500 0
23.5000 0
23.7500 4
24.0000 0
24.2500 8
24.5000 2
24.7500 2
