0.0000 5117
0.1250 5136
0.2500 4998
0.3750 5043
0.5000 4968
0.6250 5184
0.7500 5102
0.8750 5182
1.0000 5019
1.1250 4897
1.2500 5166
1.3750 5069
1.5000 5087
1.6250 5049
1.7500 5160
1.8750 5085
2.0000 5076
2.1250 5125
2.2500 4971
2.3750 4911
2.5000 4769
2.6250 4963
2.7500 4968
2.8750 4877
3.0000 4992
3.1250 4748
3.2500 4864
3.3750 4805
3.5000 4840
3.6250 4691
3.7500 4760
3.8750 4830
4.0000 4697
4.1250 4840
4.2500 4818
4.3750 4789
4.5000 4709
4.6250 4679
4.7500 4592
4.8750 4674
5.0000 4519
5.1250 4522
5.2500 4513
5.3750 4482
5.5000 4323
5.6250 4325
5.7500 4379
5.8750 4368
6.0000 4474
6.1250 4623
6.2500 4458
6.3750 4530
6.5000 4472
6.6250 4406
6.7500 4153
6.8750 3599
7.0000 3032
7.1250 2306
7.2500 2116
7.3750 1717
7.5000 614
7.6250 215
7.7500 64
7.8750 20
8.0000 10
8.1250 2
8.2500 6
8.3750 0
8.5000 2
8.6250 6
8.7500 4
8.8750 6
9.0000 6
9.1250 4
9.2500 0
9.3750 0
9.5000 0
9.6250 2
9.7500 2
9.8750 0
10.0000 4
10.1250 0
10.2500 2
10.3750 7
10.5000 2
10.6250 4
10.7500 2
10.8750 0
11.0000 2
11.1250 4
11.2500 0
11.3750 4
11.5000 6
11.6250 0
11.7500 6
11.8750 6
12.0000 4
12.1250 0
12.2500 2
12.3750 0
