0.0000 1159
0.1250 1079
0.2500 1128
0.3750 1190
0.5000 1171
0.6250 1173
0.7500 1115
0.8750 1160
1.0000 1062
1.1250 1111
1.2500 1185
1.3750 1146
1.5000 1087
1.6250 1075
1.7500 1059
1.8750 1096
2.0000 997
2.1250 1148
2.2500 1095
2.3750 1074
2.5000 1035
2.6250 1046
2.7500 1035
2.8750 1103
3.0000 1111
3.1250 1016
3.2500 1027
3.3750 1081
3.5000 1168
3.6250 1024
3.7500 1013
3.8750 1038
4.0000 1026
4.1250 1054
4.2500 997
4.3750 1129
4.5000 1089
4.6250 1163
4.7500 1029
4.8750 962
5.0000 1018
5.1250 1035
5.2500 1009
5.3750 1003
5.5000 980
5.6250 966
5.7500 965
5.8750 1042
6.0000 915
6.1250 975
6.2500 950
6.3750 841
6.5000 860
6.6250 925
6.7500 803
6.8750 867
7.0000 792
7.1250 566
7.2500 511
7.3750 323
7.5000 170
7.6250 90
7.7500 29
7.8750 23
8.0000 14
8.1250 8
8.2500 12
8.3750 0
8.5000 4
8.6250 4
8.7500 6
8.8750 2
9.0000 0
9.1250 0
9.2500 2
9.3750 8
9.5000 0
9.6250 10
9.7500 10
9.8750 0
10.0000 2
10.1250 10
10.2500 6
10.3750 10
10.5000 4
10.6250 0
10.7500 12
10.8750 2
11.0000 2
11.1250 2
11.2500 8
11.3750 4
11.5000 9
11.6250 0
11.7500 2
11.8750 2
12.0000 4
12.1250 6
12.2500 4
12.3750 10
